Photoabsorption and Partial Photoionization Cross Sections for Molecular Nitrogen
   LAM     ABS    ION   FRAG    N2+    X      A      B      C      F     G+E     HP     H    N2++    K
  18.62  0.445  0.445  0.432  0.012  0.004  0.006  0.002  0.000  0.002  0.001  0.006  0.001  0.002  0.420
  18.97  0.465  0.465  0.452  0.013  0.005  0.006  0.002  0.000  0.002  0.002  0.006  0.001  0.002  0.440
  21.60  0.651  0.651  0.633  0.018  0.007  0.009  0.003  0.001  0.002  0.002  0.008  0.001  0.003  0.616
  21.80  0.666  0.666  0.647  0.018  0.007  0.009  0.003  0.001  0.002  0.002  0.008  0.001  0.003  0.630
  22.10  0.688  0.688  0.668  0.019  0.007  0.009  0.003  0.001  0.003  0.002  0.008  0.001  0.003  0.651
  28.47  1.133  1.133  1.096  0.037  0.013  0.018  0.005  0.001  0.004  0.004  0.015  0.002  0.006  1.065
  28.79  1.128  1.128  1.090  0.038  0.014  0.019  0.005  0.001  0.005  0.004  0.015  0.002  0.006  1.058
  29.52  1.115  1.115  1.074  0.041  0.015  0.020  0.006  0.001  0.005  0.004  0.016  0.002  0.006  1.041
  30.02  1.107  1.107  1.064  0.042  0.015  0.021  0.006  0.001  0.005  0.004  0.017  0.002  0.006  1.029
  30.43  1.100  1.100  1.057  0.044  0.016  0.022  0.006  0.001  0.005  0.004  0.017  0.002  0.006  1.020
  33.74  0.103  0.103  0.046  0.057  0.021  0.028  0.008  0.002  0.006  0.005  0.022  0.003  0.008  0.000
  40.95  0.159  0.159  0.069  0.090  0.033  0.045  0.013  0.002  0.010  0.008  0.033  0.004  0.012  0.000
  43.76  0.187  0.187  0.080  0.107  0.039  0.053  0.015  0.003  0.011  0.010  0.038  0.004  0.014  0.000
  44.02  0.190  0.190  0.081  0.108  0.039  0.054  0.016  0.003  0.011  0.010  0.038  0.004  0.015  0.000
  44.16  0.191  0.191  0.082  0.109  0.039  0.054  0.016  0.003  0.011  0.010  0.038  0.004  0.015  0.000
  45.66  0.209  0.209  0.088  0.120  0.043  0.059  0.017  0.003  0.012  0.011  0.042  0.005  0.016  0.000
  46.40  0.218  0.218  0.092  0.126  0.045  0.062  0.018  0.003  0.013  0.011  0.043  0.005  0.017  0.000
  46.67  0.221  0.221  0.093  0.128  0.046  0.063  0.018  0.003  0.013  0.011  0.044  0.005  0.017  0.000
  47.87  0.237  0.237  0.099  0.137  0.050  0.068  0.020  0.003  0.014  0.012  0.047  0.005  0.018  0.000
  49.22  0.254  0.254  0.106  0.148  0.053  0.073  0.021  0.004  0.015  0.013  0.050  0.006  0.019  0.000
  50.52  0.270  0.270  0.112  0.158  0.057  0.078  0.023  0.004  0.016  0.013  0.053  0.006  0.020  0.000
  50.69  0.273  0.273  0.113  0.160  0.058  0.079  0.023  0.004  0.016  0.013  0.053  0.006  0.020  0.000
  52.30  0.293  0.293  0.121  0.172  0.062  0.085  0.025  0.004  0.017  0.014  0.057  0.007  0.022  0.000
  52.91  0.301  0.301  0.124  0.177  0.064  0.088  0.025  0.004  0.017  0.015  0.058  0.007  0.022  0.000
  54.15  0.317  0.317  0.130  0.187  0.067  0.092  0.027  0.005  0.018  0.015  0.061  0.007  0.023  0.000
  54.42  0.320  0.320  0.131  0.189  0.068  0.093  0.027  0.005  0.018  0.016  0.062  0.007  0.024  0.000
  55.06  0.328  0.328  0.134  0.194  0.070  0.096  0.028  0.005  0.019  0.016  0.063  0.007  0.024  0.000
  55.34  0.332  0.332  0.136  0.196  0.071  0.097  0.028  0.005  0.019  0.016  0.064  0.007  0.024  0.000
  56.08  0.341  0.341  0.139  0.202  0.073  0.100  0.029  0.005  0.020  0.017  0.066  0.008  0.025  0.000
  56.92  0.352  0.352  0.144  0.208  0.075  0.103  0.030  0.005  0.020  0.017  0.068  0.008  0.026  0.000
  57.36  0.358  0.358  0.146  0.212  0.076  0.105  0.030  0.005  0.021  0.017  0.069  0.008  0.026  0.000
  57.56  0.360  0.360  0.147  0.213  0.077  0.106  0.031  0.005  0.021  0.017  0.069  0.008  0.026  0.000
  57.88  0.364  0.364  0.148  0.216  0.078  0.107  0.031  0.005  0.021  0.018  0.070  0.008  0.027  0.000
  58.96  0.380  0.380  0.154  0.225  0.081  0.112  0.032  0.005  0.022  0.018  0.073  0.008  0.028  0.000
  59.62  0.390  0.390  0.158  0.232  0.084  0.115  0.033  0.006  0.022  0.019  0.074  0.009  0.028  0.000
  60.30  0.401  0.401  0.162  0.238  0.086  0.118  0.034  0.006  0.023  0.019  0.076  0.009  0.029  0.000
  60.85  0.409  0.409  0.166  0.244  0.088  0.121  0.035  0.006  0.023  0.020  0.078  0.009  0.030  0.000
  61.07  0.413  0.413  0.167  0.246  0.089  0.122  0.035  0.006  0.023  0.020  0.079  0.009  0.030  0.000
  61.63  0.422  0.422  0.170  0.251  0.091  0.124  0.036  0.006  0.024  0.020  0.080  0.009  0.031  0.000
  61.90  0.426  0.426  0.172  0.254  0.092  0.126  0.037  0.006  0.024  0.020  0.081  0.009  0.031  0.000
  62.30  0.432  0.432  0.174  0.258  0.093  0.128  0.037  0.006  0.025  0.021  0.082  0.010  0.031  0.000
  62.35  0.433  0.433  0.175  0.258  0.093  0.128  0.037  0.006  0.025  0.021  0.082  0.010  0.031  0.000
  62.77  0.440  0.440  0.177  0.262  0.095  0.130  0.038  0.006  0.025  0.021  0.083  0.010  0.032  0.000
  63.16  0.446  0.446  0.180  0.266  0.096  0.132  0.038  0.006  0.025  0.021  0.085  0.010  0.032  0.000
  63.30  0.448  0.448  0.180  0.268  0.097  0.132  0.038  0.006  0.025  0.021  0.085  0.010  0.032  0.000
  63.65  0.453  0.453  0.182  0.271  0.098  0.134  0.039  0.006  0.026  0.022  0.086  0.010  0.033  0.000
  64.11  0.461  0.461  0.185  0.275  0.099  0.136  0.040  0.007  0.026  0.022  0.087  0.010  0.033  0.000
  64.60  0.469  0.469  0.188  0.280  0.101  0.139  0.040  0.007  0.027  0.022  0.089  0.010  0.034  0.000
  65.21  0.479  0.479  0.192  0.287  0.104  0.142  0.041  0.007  0.027  0.023  0.091  0.011  0.034  0.000
  65.71  0.488  0.488  0.196  0.292  0.106  0.145  0.042  0.007  0.028  0.023  0.092  0.011  0.035  0.000
  65.85  0.490  0.490  0.197  0.294  0.106  0.146  0.042  0.007  0.028  0.023  0.093  0.011  0.035  0.000
  66.26  0.498  0.498  0.199  0.298  0.108  0.148  0.043  0.007  0.028  0.024  0.094  0.011  0.036  0.000
  66.30  0.498  0.498  0.199  0.299  0.108  0.148  0.043  0.007  0.028  0.024  0.094  0.011  0.036  0.000
  66.37  0.500  0.500  0.200  0.300  0.108  0.148  0.043  0.007  0.028  0.024  0.094  0.011  0.036  0.000
  67.14  0.513  0.513  0.205  0.308  0.111  0.152  0.044  0.007  0.029  0.024  0.097  0.011  0.037  0.000
  67.35  0.517  0.517  0.206  0.310  0.112  0.154  0.045  0.007  0.029  0.025  0.097  0.011  0.037  0.000
  68.35  0.535  0.535  0.213  0.321  0.116  0.159  0.046  0.008  0.030  0.025  0.100  0.012  0.038  0.000
  69.65  0.558  0.558  0.222  0.336  0.121  0.166  0.048  0.008  0.031  0.026  0.105  0.012  0.040  0.000
  70.01  0.565  0.565  0.225  0.340  0.123  0.168  0.049  0.008  0.032  0.027  0.106  0.012  0.040  0.000
  70.54  0.575  0.575  0.229  0.346  0.125  0.171  0.050  0.008  0.032  0.027  0.108  0.013  0.041  0.000
  70.75  0.578  0.578  0.230  0.348  0.126  0.172  0.050  0.008  0.032  0.027  0.108  0.013  0.041  0.000
  71.01  0.583  0.583  0.232  0.351  0.127  0.174  0.051  0.008  0.033  0.028  0.109  0.013  0.042  0.000
  71.94  0.600  0.600  0.239  0.361  0.131  0.179  0.052  0.008  0.034  0.028  0.112  0.013  0.043  0.000
  72.31  0.607  0.607  0.241  0.366  0.132  0.181  0.053  0.008  0.034  0.029  0.114  0.013  0.043  0.000
  72.63  0.614  0.614  0.244  0.370  0.134  0.183  0.053  0.009  0.034  0.029  0.115  0.013  0.044  0.000
  72.80  0.617  0.617  0.245  0.372  0.134  0.184  0.054  0.009  0.035  0.029  0.115  0.013  0.044  0.000
  72.95  0.621  0.621  0.246  0.374  0.135  0.185  0.054  0.009  0.035  0.029  0.116  0.014  0.044  0.000
  73.47  0.632  0.632  0.251  0.381  0.138  0.189  0.055  0.009  0.035  0.030  0.118  0.014  0.045  0.000
  73.55  0.633  0.633  0.251  0.382  0.138  0.189  0.055  0.009  0.035  0.030  0.118  0.014  0.045  0.000
  74.21  0.647  0.647  0.256  0.391  0.141  0.193  0.056  0.009  0.036  0.031  0.121  0.014  0.046  0.000
  74.44  0.652  0.652  0.258  0.394  0.142  0.195  0.057  0.009  0.036  0.031  0.122  0.014  0.046  0.000
  74.83  0.660  0.660  0.261  0.399  0.144  0.198  0.057  0.009  0.037  0.031  0.123  0.014  0.047  0.000
  75.03  0.665  0.665  0.263  0.402  0.145  0.199  0.058  0.009  0.037  0.031  0.124  0.014  0.047  0.000
  75.29  0.670  0.670  0.265  0.405  0.146  0.201  0.058  0.009  0.037  0.032  0.125  0.015  0.048  0.000
  75.46  0.674  0.674  0.266  0.407  0.147  0.202  0.059  0.009  0.037  0.032  0.125  0.015  0.048  0.000
  75.73  0.679  0.679  0.268  0.411  0.148  0.203  0.059  0.009  0.038  0.032  0.126  0.015  0.048  0.000
  76.01  0.685  0.685  0.271  0.415  0.150  0.205  0.060  0.010  0.038  0.032  0.127  0.015  0.049  0.000
  76.48  0.695  0.695  0.274  0.421  0.152  0.208  0.061  0.010  0.039  0.033  0.129  0.015  0.049  0.000
  76.83  0.703  0.703  0.277  0.425  0.154  0.211  0.061  0.010  0.039  0.033  0.131  0.015  0.050  0.000
  76.94  0.705  0.705  0.278  0.427  0.154  0.211  0.061  0.010  0.039  0.033  0.131  0.015  0.050  0.000
  77.30  0.713  0.713  0.281  0.432  0.156  0.214  0.062  0.010  0.040  0.033  0.132  0.015  0.050  0.000
  77.74  0.722  0.722  0.284  0.437  0.158  0.217  0.063  0.010  0.040  0.034  0.134  0.016  0.051  0.000
  78.56  0.739  0.739  0.291  0.448  0.162  0.222  0.064  0.010  0.041  0.035  0.137  0.016  0.052  0.000
  78.70  0.742  0.742  0.292  0.450  0.163  0.223  0.065  0.010  0.041  0.035  0.138  0.016  0.052  0.000
  79.08  0.750  0.750  0.295  0.455  0.164  0.225  0.065  0.010  0.042  0.035  0.139  0.016  0.053  0.000
  79.48  0.759  0.759  0.298  0.460  0.166  0.228  0.066  0.010  0.042  0.035  0.140  0.016  0.053  0.000
  79.76  0.765  0.765  0.300  0.464  0.168  0.230  0.067  0.011  0.042  0.036  0.141  0.016  0.054  0.000
  80.01  0.770  0.770  0.302  0.467  0.169  0.231  0.067  0.011  0.043  0.036  0.142  0.017  0.054  0.000
  80.55  0.781  0.781  0.307  0.475  0.171  0.235  0.068  0.011  0.043  0.037  0.144  0.017  0.055  0.000
  82.43  0.821  0.821  0.322  0.499  0.180  0.247  0.072  0.011  0.045  0.038  0.152  0.018  0.058  0.000
  82.74  0.828  0.828  0.325  0.503  0.182  0.249  0.072  0.011  0.046  0.039  0.153  0.018  0.058  0.000
  82.84  0.830  0.830  0.325  0.505  0.182  0.250  0.073  0.011  0.046  0.039  0.153  0.018  0.058  0.000
  83.42  0.843  0.843  0.330  0.512  0.185  0.253  0.074  0.012  0.047  0.039  0.156  0.018  0.059  0.000
  83.67  0.849  0.849  0.333  0.516  0.186  0.255  0.074  0.012  0.047  0.040  0.157  0.018  0.060  0.000
  84.01  0.857  0.857  0.336  0.521  0.188  0.258  0.075  0.012  0.047  0.040  0.158  0.018  0.060  0.000
  86.77  0.925  0.925  0.362  0.563  0.203  0.279  0.081  0.013  0.051  0.043  0.170  0.020  0.065  0.000
  86.86  0.927  0.927  0.363  0.565  0.204  0.280  0.081  0.013  0.051  0.043  0.171  0.020  0.065  0.000
  86.98  0.930  0.930  0.364  0.567  0.205  0.280  0.082  0.013  0.051  0.043  0.171  0.020  0.065  0.000
  87.30  0.938  0.938  0.367  0.571  0.206  0.283  0.082  0.013  0.052  0.044  0.173  0.020  0.066  0.000
  87.61  0.946  0.946  0.370  0.576  0.208  0.285  0.083  0.013  0.052  0.044  0.174  0.020  0.066  0.000
  88.09  0.958  0.958  0.374  0.584  0.211  0.289  0.084  0.013  0.053  0.045  0.176  0.021  0.067  0.000
  88.11  0.958  0.958  0.374  0.584  0.211  0.289  0.084  0.013  0.053  0.045  0.176  0.021  0.067  0.000
  88.14  0.959  0.959  0.375  0.584  0.211  0.289  0.084  0.013  0.053  0.045  0.176  0.021  0.067  0.000
  88.42  0.966  0.966  0.377  0.589  0.213  0.291  0.085  0.013  0.053  0.045  0.178  0.021  0.068  0.000
  88.64  0.971  0.971  0.379  0.592  0.214  0.293  0.085  0.013  0.053  0.045  0.179  0.021  0.068  0.000
  88.90  0.978  0.978  0.382  0.596  0.215  0.295  0.086  0.013  0.054  0.045  0.180  0.021  0.068  0.000
  89.14  0.984  0.984  0.384  0.600  0.217  0.297  0.086  0.014  0.054  0.046  0.181  0.021  0.069  0.000
  89.70  0.997  0.997  0.389  0.608  0.220  0.301  0.088  0.014  0.055  0.046  0.183  0.021  0.070  0.000
  90.14  1.008  1.008  0.393  0.615  0.222  0.304  0.088  0.014  0.055  0.047  0.185  0.022  0.070  0.000
  90.45  1.016  1.016  0.396  0.620  0.224  0.307  0.089  0.014  0.056  0.047  0.187  0.022  0.071  0.000
  90.71  1.022  1.022  0.399  0.624  0.225  0.309  0.090  0.014  0.056  0.047  0.188  0.022  0.071  0.000
  91.01  1.030  1.030  0.401  0.628  0.227  0.311  0.090  0.014  0.056  0.048  0.189  0.022  0.072  0.000
  91.48  1.041  1.041  0.406  0.636  0.230  0.315  0.091  0.014  0.057  0.048  0.191  0.022  0.073  0.000
  91.69  1.046  1.046  0.408  0.639  0.231  0.316  0.092  0.014  0.057  0.049  0.192  0.022  0.073  0.000
  91.81  1.049  1.049  0.409  0.641  0.231  0.317  0.092  0.014  0.058  0.049  0.193  0.022  0.073  0.000
  92.09  1.056  1.056  0.411  0.645  0.233  0.319  0.093  0.014  0.058  0.049  0.194  0.023  0.074  0.000
  92.81  1.074  1.074  0.418  0.656  0.237  0.325  0.094  0.015  0.059  0.050  0.197  0.023  0.075  0.000
  93.61  1.095  1.095  0.426  0.669  0.241  0.331  0.096  0.015  0.060  0.051  0.201  0.023  0.076  0.000
  94.07  1.108  1.108  0.431  0.677  0.244  0.335  0.097  0.015  0.061  0.051  0.203  0.024  0.077  0.000
  94.25  1.113  1.113  0.433  0.680  0.245  0.336  0.098  0.015  0.061  0.052  0.204  0.024  0.078  0.000
  94.39  1.117  1.117  0.435  0.682  0.246  0.338  0.098  0.015  0.061  0.052  0.205  0.024  0.078  0.000
  94.90  1.131  1.131  0.440  0.691  0.250  0.342  0.099  0.015  0.062  0.052  0.207  0.024  0.079  0.000
  95.37  1.144  1.144  0.445  0.699  0.252  0.346  0.101  0.016  0.063  0.053  0.210  0.024  0.080  0.000
  95.51  1.148  1.148  0.447  0.701  0.253  0.347  0.101  0.016  0.063  0.053  0.210  0.025  0.080  0.000
  95.81  1.157  1.157  0.450  0.707  0.255  0.350  0.102  0.016  0.063  0.054  0.212  0.025  0.081  0.000
  96.05  1.164  1.164  0.453  0.711  0.257  0.352  0.102  0.016  0.064  0.054  0.213  0.025  0.081  0.000
  96.49  1.176  1.176  0.458  0.718  0.259  0.356  0.103  0.016  0.064  0.054  0.215  0.025  0.082  0.000
  96.83  1.186  1.186  0.461  0.724  0.262  0.359  0.104  0.016  0.065  0.055  0.217  0.025  0.083  0.000
  97.12  1.194  1.194  0.464  0.729  0.263  0.361  0.105  0.016  0.065  0.055  0.219  0.025  0.083  0.000
  97.51  1.205  1.205  0.469  0.736  0.266  0.364  0.106  0.016  0.066  0.056  0.221  0.026  0.084  0.000
  97.87  1.215  1.215  0.473  0.742  0.268  0.367  0.107  0.017  0.067  0.056  0.223  0.026  0.085  0.000
  98.12  1.222  1.222  0.475  0.747  0.270  0.370  0.107  0.017  0.067  0.057  0.224  0.026  0.085  0.000
  98.26  1.226  1.226  0.477  0.749  0.271  0.371  0.108  0.017  0.067  0.057  0.225  0.026  0.086  0.000
  98.50  1.233  1.233  0.480  0.753  0.272  0.373  0.108  0.017  0.068  0.057  0.226  0.026  0.086  0.000
  99.71  1.267  1.267  0.493  0.774  0.280  0.383  0.111  0.017  0.069  0.059  0.232  0.027  0.088  0.000
  99.99  1.275  1.275  0.496  0.779  0.281  0.386  0.112  0.017  0.070  0.059  0.234  0.027  0.089  0.000
 100.54  1.290  1.290  0.502  0.788  0.285  0.390  0.113  0.018  0.071  0.060  0.236  0.028  0.090  0.000
 103.01  1.360  1.360  0.529  0.831  0.300  0.411  0.120  0.019  0.074  0.063  0.249  0.029  0.095  0.000
 103.15  1.364  1.364  0.531  0.834  0.301  0.413  0.120  0.019  0.075  0.063  0.250  0.029  0.095  0.000
 103.58  1.376  1.376  0.535  0.841  0.304  0.416  0.121  0.019  0.075  0.064  0.252  0.029  0.096  0.000
 103.94  1.387  1.387  0.539  0.847  0.306  0.419  0.122  0.019  0.076  0.064  0.254  0.030  0.097  0.000
 105.23  1.423  1.423  0.553  0.870  0.314  0.430  0.125  0.019  0.078  0.066  0.261  0.030  0.099  0.000
 106.25  1.452  1.452  0.565  0.887  0.320  0.439  0.128  0.020  0.079  0.067  0.266  0.031  0.101  0.000
 108.05  1.503  1.503  0.584  0.918  0.332  0.455  0.132  0.021  0.082  0.070  0.275  0.032  0.105  0.000
 109.98  1.563  1.563  0.607  0.955  0.345  0.473  0.137  0.021  0.085  0.072  0.286  0.033  0.109  0.000
 110.56  1.582  1.582  0.614  0.967  0.349  0.479  0.139  0.022  0.086  0.073  0.289  0.034  0.110  0.000
 110.62  1.584  1.584  0.615  0.968  0.350  0.479  0.139  0.022  0.087  0.073  0.290  0.034  0.110  0.000
 110.76  1.588  1.588  0.617  0.971  0.351  0.481  0.140  0.022  0.087  0.073  0.290  0.034  0.111  0.000
 111.16  1.601  1.601  0.622  0.979  0.354  0.485  0.141  0.022  0.088  0.074  0.293  0.034  0.111  0.000
 111.25  1.604  1.604  0.623  0.981  0.354  0.486  0.141  0.022  0.088  0.074  0.293  0.034  0.112  0.000
 113.80  1.687  1.687  0.654  1.032  0.373  0.511  0.149  0.023  0.092  0.078  0.308  0.036  0.117  0.000
 114.09  1.698  1.698  0.655  1.042  0.376  0.516  0.150  0.023  0.092  0.078  0.309  0.036  0.118  0.000
 114.24  1.705  1.705  0.653  1.052  0.380  0.521  0.151  0.023  0.092  0.078  0.308  0.036  0.117  0.000
 115.39  1.760  1.760  0.636  1.124  0.406  0.556  0.162  0.022  0.090  0.076  0.300  0.035  0.114  0.000
 115.82  1.781  1.781  0.630  1.151  0.416  0.570  0.166  0.022  0.089  0.075  0.297  0.035  0.113  0.000
 116.75  1.818  1.818  0.639  1.179  0.426  0.584  0.170  0.022  0.090  0.076  0.301  0.035  0.115  0.000
 117.20  1.837  1.837  0.643  1.193  0.431  0.591  0.172  0.023  0.091  0.077  0.303  0.035  0.115  0.000
 120.40  1.966  1.966  0.676  1.290  0.466  0.639  0.186  0.024  0.095  0.080  0.318  0.037  0.121  0.000
 121.15  1.996  1.996  0.686  1.310  0.473  0.648  0.188  0.024  0.097  0.082  0.323  0.038  0.123  0.000
 121.79  2.022  2.022  0.695  1.327  0.479  0.657  0.191  0.024  0.098  0.083  0.327  0.038  0.125  0.000
 122.70  2.058  2.058  0.708  1.350  0.488  0.668  0.194  0.025  0.100  0.084  0.333  0.039  0.127  0.000
 123.50  2.090  2.090  0.719  1.371  0.495  0.679  0.197  0.025  0.101  0.086  0.339  0.039  0.129  0.000
 127.65  2.267  2.267  0.788  1.479  0.534  0.732  0.213  0.028  0.111  0.094  0.371  0.043  0.141  0.000
 129.87  2.364  2.364  0.828  1.537  0.555  0.761  0.221  0.029  0.116  0.099  0.390  0.045  0.148  0.000
 130.30  2.381  2.381  0.832  1.549  0.559  0.767  0.223  0.029  0.117  0.099  0.392  0.046  0.149  0.000
 131.02  2.409  2.409  0.838  1.571  0.567  0.777  0.226  0.029  0.118  0.100  0.395  0.046  0.150  0.000
 131.21  2.416  2.416  0.840  1.576  0.569  0.780  0.227  0.030  0.118  0.100  0.395  0.046  0.151  0.000
 136.21  2.611  2.611  0.885  1.726  0.623  0.855  0.248  0.031  0.124  0.105  0.417  0.049  0.159  0.000
 136.28  2.614  2.614  0.885  1.728  0.624  0.856  0.249  0.031  0.125  0.105  0.417  0.049  0.159  0.000
 136.34  2.616  2.616  0.886  1.730  0.625  0.856  0.249  0.031  0.125  0.105  0.417  0.049  0.159  0.000
 136.45  2.621  2.621  0.887  1.734  0.626  0.858  0.249  0.031  0.125  0.106  0.418  0.049  0.159  0.000
 136.48  2.622  2.622  0.888  1.734  0.626  0.859  0.250  0.031  0.125  0.106  0.418  0.049  0.159  0.000
 141.20  2.820  2.820  0.942  1.878  0.678  0.930  0.270  0.033  0.133  0.112  0.444  0.052  0.169  0.000
 144.27  2.949  2.949  0.973  1.977  0.714  0.978  0.284  0.034  0.137  0.116  0.458  0.053  0.174  0.000
 145.04  2.982  2.982  0.981  2.001  0.723  0.991  0.288  0.035  0.138  0.117  0.462  0.054  0.176  0.000
 148.40  3.136  3.136  1.041  2.095  0.757  1.037  0.301  0.037  0.147  0.124  0.490  0.057  0.187  0.000
 150.10  3.215  3.215  1.072  2.143  0.774  1.061  0.308  0.038  0.151  0.128  0.505  0.059  0.192  0.000
 152.15  3.317  3.317  1.117  2.200  0.795  1.089  0.317  0.039  0.157  0.133  0.526  0.061  0.200  0.000
 154.18  3.419  3.419  1.162  2.257  0.815  1.117  0.325  0.041  0.164  0.138  0.547  0.064  0.208  0.000
 157.73  3.596  3.596  1.246  2.351  0.849  1.164  0.338  0.044  0.175  0.148  0.587  0.068  0.223  0.000
 158.37  3.628  3.628  1.261  2.368  0.855  1.172  0.341  0.044  0.177  0.150  0.594  0.069  0.226  0.000
 159.98  3.709  3.709  1.300  2.409  0.870  1.193  0.347  0.046  0.183  0.155  0.612  0.071  0.233  0.000
 160.37  3.729  3.729  1.307  2.422  0.875  1.199  0.348  0.046  0.184  0.156  0.616  0.072  0.234  0.000
 162.01  3.815  3.815  1.340  2.474  0.894  1.225  0.356  0.047  0.189  0.160  0.631  0.074  0.240  0.000
 164.15  3.926  3.926  1.383  2.543  0.918  1.259  0.366  0.049  0.195  0.165  0.651  0.076  0.248  0.000
 167.50  4.105  4.105  1.450  2.655  0.959  1.314  0.382  0.051  0.204  0.173  0.683  0.080  0.260  0.000
 168.17  4.141  4.141  1.463  2.678  0.967  1.325  0.385  0.051  0.206  0.174  0.689  0.080  0.262  0.000
 168.55  4.162  4.162  1.471  2.691  0.972  1.332  0.387  0.052  0.207  0.175  0.693  0.081  0.264  0.000
 168.92  4.182  4.182  1.478  2.703  0.976  1.338  0.389  0.052  0.208  0.176  0.696  0.081  0.265  0.000
 169.70  4.224  4.224  1.494  2.730  0.986  1.351  0.393  0.053  0.210  0.178  0.704  0.082  0.268  0.000
 171.08  4.298  4.298  1.522  2.777  1.003  1.374  0.399  0.054  0.214  0.181  0.717  0.083  0.273  0.000
 172.17  4.357  4.357  1.543  2.814  1.016  1.393  0.405  0.054  0.217  0.184  0.727  0.085  0.277  0.000
 173.08  4.406  4.406  1.562  2.845  1.027  1.408  0.409  0.055  0.220  0.186  0.735  0.086  0.280  0.000
 174.58  4.487  4.487  1.592  2.896  1.046  1.433  0.417  0.056  0.224  0.189  0.749  0.087  0.285  0.000
 175.26  4.526  4.526  1.607  2.919  1.054  1.445  0.420  0.057  0.226  0.191  0.757  0.088  0.288  0.000
 177.24  4.644  4.644  1.658  2.986  1.078  1.478  0.430  0.058  0.233  0.197  0.781  0.091  0.297  0.000
 178.05  4.693  4.693  1.679  3.014  1.088  1.492  0.434  0.059  0.236  0.200  0.791  0.092  0.301  0.000
 179.27  4.766  4.766  1.711  3.055  1.103  1.512  0.440  0.060  0.241  0.204  0.806  0.094  0.307  0.000
 179.75  4.795  4.795  1.724  3.072  1.109  1.520  0.442  0.061  0.243  0.205  0.812  0.095  0.309  0.000
 180.41  4.839  4.839  1.744  3.095  1.118  1.532  0.445  0.061  0.245  0.208  0.821  0.096  0.313  0.000
 181.14  4.890  4.890  1.769  3.121  1.127  1.545  0.449  0.062  0.249  0.211  0.833  0.097  0.317  0.000
 182.17  4.962  4.962  1.804  3.158  1.141  1.563  0.454  0.063  0.254  0.215  0.849  0.099  0.323  0.000
 183.45  5.051  5.051  1.847  3.204  1.157  1.586  0.461  0.065  0.260  0.220  0.870  0.101  0.331  0.000
 184.53  5.127  5.127  1.884  3.243  1.171  1.605  0.467  0.066  0.265  0.224  0.887  0.103  0.338  0.000
 184.80  5.146  5.146  1.893  3.253  1.175  1.610  0.468  0.067  0.266  0.225  0.892  0.104  0.339  0.000
 185.21  5.174  5.174  1.906  3.268  1.180  1.618  0.470  0.067  0.268  0.227  0.898  0.105  0.342  0.000
 186.60  5.269  5.269  1.948  3.321  1.199  1.644  0.478  0.069  0.274  0.232  0.917  0.107  0.349  0.000
 186.87  5.287  5.287  1.956  3.331  1.203  1.649  0.479  0.069  0.275  0.233  0.921  0.107  0.351  0.000
 187.95  5.361  5.361  1.988  3.372  1.218  1.669  0.485  0.070  0.280  0.237  0.936  0.109  0.357  0.000
 188.23  5.380  5.380  1.997  3.383  1.222  1.674  0.487  0.070  0.281  0.238  0.940  0.110  0.358  0.000
 188.31  5.385  5.385  1.999  3.386  1.223  1.676  0.487  0.070  0.281  0.238  0.941  0.110  0.358  0.000
 190.02  5.501  5.501  2.051  3.451  1.246  1.708  0.496  0.072  0.289  0.244  0.966  0.112  0.368  0.000
 191.04  5.569  5.569  2.077  3.492  1.261  1.728  0.502  0.072  0.293  0.246  0.982  0.111  0.374  0.000
 191.34  5.588  5.588  2.085  3.504  1.265  1.734  0.504  0.072  0.294  0.246  0.988  0.110  0.376  0.000
 192.40  5.658  5.658  2.112  3.546  1.281  1.755  0.510  0.070  0.299  0.246  1.008  0.106  0.384  0.000
 192.82  5.686  5.686  2.123  3.563  1.287  1.764  0.513  0.070  0.300  0.246  1.016  0.104  0.387  0.000
 193.52  5.732  5.732  2.142  3.591  1.297  1.777  0.517  0.069  0.303  0.246  1.030  0.102  0.392  0.000
 195.13  5.840  5.840  2.184  3.656  1.320  1.810  0.526  0.067  0.310  0.246  1.061  0.095  0.404  0.000
 196.52  5.942  5.942  2.226  3.717  1.342  1.840  0.535  0.065  0.317  0.247  1.091  0.090  0.415  0.000
 196.65  5.952  5.952  2.229  3.723  1.344  1.843  0.536  0.065  0.318  0.247  1.094  0.089  0.416  0.000
 197.44  6.011  6.011  2.253  3.757  1.357  1.860  0.541  0.064  0.322  0.247  1.112  0.086  0.423  0.000
 198.58  6.095  6.095  2.287  3.808  1.375  1.885  0.548  0.063  0.327  0.248  1.137  0.081  0.432  0.000
 200.02  6.202  6.202  2.331  3.871  1.398  1.916  0.557  0.061  0.334  0.248  1.169  0.074  0.444  0.000
 201.13  6.286  6.286  2.364  3.922  1.416  1.941  0.564  0.059  0.340  0.248  1.194  0.069  0.454  0.000
 202.05  6.356  6.356  2.391  3.964  1.432  1.962  0.570  0.058  0.344  0.248  1.215  0.065  0.461  0.000
 202.64  6.401  6.401  2.409  3.991  1.441  1.976  0.574  0.057  0.347  0.248  1.227  0.063  0.467  0.000
 203.81  6.490  6.490  2.444  4.045  1.461  2.002  0.582  0.057  0.343  0.251  1.227  0.081  0.484  0.000
 204.25  6.523  6.523  2.457  4.065  1.468  2.012  0.585  0.057  0.342  0.253  1.227  0.089  0.490  0.000
 204.94  6.575  6.575  2.478  4.097  1.480  2.028  0.589  0.057  0.340  0.254  1.227  0.100  0.500  0.000
 206.26  6.683  6.683  2.520  4.163  1.503  2.061  0.599  0.057  0.336  0.258  1.228  0.122  0.521  0.000
 206.38  6.693  6.693  2.524  4.169  1.506  2.064  0.600  0.057  0.335  0.259  1.228  0.124  0.522  0.000
 207.46  6.782  6.782  2.559  4.223  1.525  2.090  0.608  0.058  0.336  0.264  1.239  0.134  0.528  0.000
 208.33  6.853  6.853  2.587  4.266  1.541  2.112  0.614  0.060  0.341  0.270  1.258  0.136  0.522  0.000
 209.63  6.960  6.960  2.628  4.332  1.564  2.144  0.623  0.063  0.349  0.279  1.288  0.137  0.513  0.000
 209.78  6.972  6.972  2.633  4.339  1.567  2.148  0.624  0.063  0.349  0.280  1.291  0.138  0.512  0.000
 211.32  7.098  7.098  2.688  4.411  1.593  2.183  0.635  0.067  0.359  0.291  1.329  0.140  0.501  0.000
 212.14  7.165  7.165  2.717  4.448  1.607  2.202  0.640  0.070  0.364  0.297  1.350  0.141  0.495  0.000
 213.78  7.300  7.300  2.776  4.524  1.634  2.239  0.651  0.074  0.375  0.310  1.392  0.144  0.482  0.000
 214.75  7.379  7.379  2.811  4.569  1.650  2.261  0.657  0.077  0.381  0.317  1.417  0.145  0.474  0.000
 215.16  7.414  7.414  2.826  4.588  1.657  2.271  0.660  0.078  0.383  0.321  1.428  0.146  0.470  0.000
 216.88  7.569  7.569  2.891  4.678  1.689  2.315  0.673  0.083  0.395  0.335  1.474  0.149  0.455  0.000
 218.19  7.687  7.687  2.941  4.746  1.714  2.349  0.683  0.087  0.404  0.346  1.510  0.151  0.443  0.000
 219.13  7.772  7.772  2.977  4.795  1.732  2.373  0.690  0.090  0.411  0.354  1.536  0.153  0.434  0.000
 220.08  7.857  7.857  3.013  4.844  1.749  2.398  0.697  0.093  0.417  0.362  1.563  0.154  0.424  0.000
 221.44  7.974  7.974  3.059  4.915  1.775  2.433  0.707  0.097  0.426  0.373  1.598  0.156  0.409  0.000
 221.82  8.007  8.007  3.072  4.935  1.782  2.443  0.710  0.098  0.428  0.376  1.608  0.157  0.405  0.000
 224.74  8.258  8.258  3.171  5.086  1.837  2.518  0.732  0.107  0.447  0.401  1.685  0.161  0.370  0.000
 225.12  8.290  8.290  3.184  5.106  1.844  2.528  0.735  0.108  0.451  0.401  1.698  0.161  0.366  0.000
 227.01  8.453  8.453  3.248  5.205  1.880  2.576  0.749  0.097  0.481  0.367  1.791  0.160  0.353  0.000
 227.19  8.468  8.468  3.254  5.214  1.883  2.581  0.750  0.096  0.484  0.363  1.800  0.160  0.352  0.000
 227.47  8.492  8.492  3.264  5.228  1.888  2.588  0.752  0.095  0.488  0.358  1.813  0.160  0.350  0.000
 228.70  8.598  8.598  3.306  5.292  1.911  2.620  0.761  0.101  0.496  0.378  1.831  0.155  0.344  0.000
 230.65  8.763  8.763  3.367  5.396  1.949  2.671  0.776  0.111  0.507  0.411  1.856  0.148  0.334  0.000
 231.55  8.837  8.837  3.390  5.447  1.967  2.696  0.784  0.115  0.512  0.425  1.865  0.145  0.328  0.000
 232.60  8.923  8.923  3.418  5.506  1.988  2.725  0.792  0.120  0.517  0.443  1.875  0.140  0.322  0.000
 233.84  9.025  9.025  3.450  5.575  2.013  2.760  0.802  0.127  0.524  0.463  1.887  0.135  0.314  0.000
 234.38  9.069  9.069  3.464  5.605  2.024  2.775  0.806  0.129  0.526  0.472  1.893  0.133  0.310  0.000
 237.12  9.281  9.281  3.527  5.754  2.078  2.848  0.828  0.143  0.539  0.517  1.915  0.122  0.291  0.000
 237.20  9.287  9.287  3.528  5.759  2.080  2.851  0.829  0.143  0.539  0.517  1.916  0.123  0.291  0.000
 237.33  9.297  9.297  3.531  5.766  2.082  2.854  0.830  0.143  0.539  0.517  1.918  0.124  0.291  0.000
 239.87  9.490  9.490  3.587  5.903  2.132  2.922  0.849  0.140  0.544  0.520  1.954  0.148  0.282  0.000
 240.71  9.543  9.543  3.596  5.947  2.148  2.944  0.856  0.139  0.544  0.519  1.960  0.156  0.278  0.000
 241.74  9.604  9.604  3.604  6.000  2.167  2.970  0.863  0.137  0.543  0.518  1.967  0.166  0.273  0.000
 243.03  9.682  9.682  3.614  6.068  2.191  3.003  0.873  0.135  0.543  0.517  1.975  0.178  0.267  0.000
 243.78  9.727  9.727  3.620  6.107  2.205  3.023  0.879  0.134  0.542  0.516  1.980  0.185  0.263  0.000
 244.92  9.795  9.795  3.629  6.166  2.227  3.052  0.887  0.132  0.542  0.515  1.988  0.195  0.258  0.000
 245.94  9.841  9.841  3.619  6.223  2.247  3.080  0.895  0.129  0.538  0.511  1.984  0.204  0.252  0.000
 246.21  9.853  9.853  3.615  6.238  2.253  3.088  0.897  0.129  0.537  0.510  1.983  0.206  0.250  0.000
 246.91  9.884  9.884  3.607  6.277  2.267  3.107  0.903  0.128  0.536  0.507  1.973  0.218  0.246  0.000
 247.18  9.896  9.896  3.604  6.292  2.272  3.115  0.905  0.127  0.536  0.506  1.967  0.223  0.244  0.000
 249.18  9.984  9.984  3.580  6.404  2.303  3.190  0.910  0.125  0.534  0.497  1.926  0.265  0.232  0.000
 251.10 10.055 10.055  3.548  6.507  2.325  3.274  0.908  0.123  0.531  0.488  1.882  0.304  0.220  0.000
 251.95 10.082 10.082  3.531  6.551  2.334  3.311  0.907  0.121  0.530  0.483  1.862  0.321  0.215  0.000
 252.19 10.090 10.090  3.526  6.564  2.337  3.321  0.906  0.121  0.529  0.482  1.856  0.326  0.213  0.000
 253.78 10.141 10.141  3.494  6.647  2.354  3.389  0.904  0.119  0.526  0.473  1.818  0.356  0.203  0.000
 256.32 10.206 10.206  3.422  6.784  2.384  3.500  0.901  0.115  0.517  0.457  1.746  0.402  0.186  0.000
 256.38 10.208 10.208  3.420  6.787  2.384  3.502  0.901  0.115  0.517  0.456  1.744  0.403  0.186  0.000
 256.64 10.213 10.213  3.411  6.802  2.387  3.514  0.901  0.114  0.516  0.454  1.736  0.407  0.184  0.000
 256.92 10.218 10.218  3.401  6.818  2.391  3.526  0.900  0.114  0.514  0.452  1.727  0.411  0.182  0.000
 257.16 10.223 10.223  3.392  6.831  2.394  3.537  0.900  0.113  0.513  0.451  1.720  0.415  0.180  0.000
 257.39 10.228 10.228  3.384  6.844  2.397  3.548  0.900  0.113  0.512  0.449  1.712  0.419  0.179  0.000
 258.36 10.247 10.247  3.349  6.898  2.408  3.592  0.898  0.112  0.508  0.441  1.687  0.430  0.171  0.000
 259.52 10.270 10.270  3.307  6.963  2.422  3.644  0.897  0.118  0.501  0.426  1.713  0.391  0.157  0.000
 261.05 10.305 10.305  3.271  7.034  2.435  3.706  0.893  0.130  0.518  0.430  1.660  0.381  0.151  0.000
 262.99 10.352 10.352  3.236  7.116  2.448  3.781  0.887  0.147  0.550  0.444  1.561  0.385  0.149  0.000
 264.24 10.382 10.382  3.214  7.168  2.452  3.833  0.883  0.157  0.570  0.454  1.498  0.387  0.148  0.000
 264.80 10.395 10.395  3.204  7.192  2.450  3.860  0.882  0.162  0.579  0.458  1.470  0.388  0.147  0.000
 270.51 10.511 10.511  3.047  7.464  2.450  4.146  0.869  0.118  0.562  0.471  1.421  0.357  0.117  0.000
 271.99 10.544 10.544  3.008  7.536  2.456  4.213  0.867  0.120  0.587  0.457  1.376  0.357  0.112  0.000
 272.64 10.558 10.558  2.991  7.567  2.459  4.243  0.866  0.121  0.599  0.450  1.353  0.358  0.110  0.000
 274.19 10.592 10.592  2.951  7.641  2.465  4.313  0.863  0.126  0.629  0.433  1.299  0.360  0.104  0.000
 275.35 10.622 10.622  2.928  7.694  2.468  4.365  0.861  0.200  0.664  0.430  1.129  0.395  0.110  0.000
 275.67 10.633 10.633  2.926  7.707  2.471  4.373  0.863  0.210  0.670  0.435  1.104  0.397  0.110  0.000
 276.15 10.649 10.649  2.923  7.726  2.477  4.379  0.870  0.212  0.672  0.448  1.091  0.391  0.109  0.000
 276.84 10.673 10.673  2.919  7.754  2.486  4.388  0.880  0.214  0.675  0.468  1.074  0.382  0.107  0.000
 277.01 10.678 10.678  2.918  7.760  2.489  4.390  0.882  0.215  0.675  0.473  1.069  0.380  0.106  0.000
 277.27 10.687 10.687  2.916  7.771  2.492  4.393  0.886  0.216  0.676  0.480  1.063  0.376  0.105  0.000
 278.40 10.726 10.726  2.910  7.816  2.507  4.406  0.902  0.220  0.681  0.512  1.034  0.362  0.102  0.000
 281.41 10.819 10.819  2.866  7.953  2.553  4.451  0.949  0.228  0.687  0.590  0.948  0.320  0.093  0.000
 284.15 10.896 10.896  2.800  8.096  2.601  4.503  0.993  0.233  0.735  0.590  0.872  0.291  0.081  0.000
 285.70 10.945 10.945  2.769  8.176  2.627  4.531  1.018  0.236  0.766  0.585  0.832  0.276  0.074  0.000
 289.17 11.070 11.070  2.713  8.357  2.685  4.599  1.073  0.243  0.840  0.577  0.749  0.244  0.060  0.000
 290.69 11.123 11.123  2.689  8.435  2.705  4.634  1.095  0.246  0.873  0.573  0.714  0.230  0.053  0.000
 291.70 11.158 11.158  2.673  8.485  2.719  4.656  1.110  0.247  0.894  0.571  0.691  0.221  0.049  0.000
 292.78 11.195 11.195  2.656  8.539  2.733  4.680  1.126  0.249  0.917  0.568  0.666  0.211  0.044  0.000
 296.19 11.325 11.325  2.613  8.712  2.771  4.771  1.170  0.256  0.992  0.559  0.594  0.181  0.030  0.000
 299.50 11.477 11.477  2.593  8.884  2.791  4.896  1.197  0.267  1.075  0.550  0.531  0.153  0.017  0.000
 303.31 11.674 11.674  2.546  9.128  2.829  5.064  1.235  0.278  1.150  0.534  0.458  0.121  0.005  0.000
 303.78 11.699 11.699  2.540  9.159  2.835  5.084  1.240  0.280  1.156  0.532  0.451  0.118  0.004  0.000
 315.02 12.371 12.371  2.450  9.922  3.040  5.377  1.504  0.323  1.307  0.478  0.294  0.049  0.000  0.000
 316.20 12.456 12.456  2.445 10.011  3.072  5.386  1.553  0.327  1.322  0.472  0.281  0.043  0.000  0.000
 319.01 12.659 12.659  2.434 10.225  3.140  5.473  1.612  0.337  1.358  0.459  0.251  0.030  0.000  0.000
 319.83 12.718 12.718  2.431 10.287  3.157  5.527  1.603  0.339  1.368  0.455  0.243  0.026  0.000  0.000
 320.56 12.775 12.775  2.432 10.343  3.172  5.576  1.595  0.341  1.379  0.452  0.236  0.024  0.000  0.000
 335.41 13.985 13.985  2.336 11.649  3.582  6.398  1.670  0.383  1.483  0.365  0.105  0.000  0.000  0.000
 345.13 14.832 14.832  2.116 12.716  4.077  6.949  1.690  0.415  1.390  0.270  0.042  0.000  0.000  0.000
 345.74 14.888 14.888  2.099 12.789  4.116  6.982  1.691  0.417  1.380  0.264  0.038  0.000  0.000  0.000
 347.39 15.040 15.040  2.053 12.987  4.222  7.072  1.693  0.421  1.353  0.249  0.030  0.000  0.000  0.000
 349.85 15.266 15.266  1.984 13.282  4.383  7.204  1.696  0.425  1.312  0.228  0.019  0.000  0.000  0.000
 356.01 15.821 15.821  1.860 13.961  4.781  7.484  1.696  0.446  1.229  0.184  0.000  0.000  0.000  0.000
 360.80 16.252 16.252  1.758 14.494  5.109  7.675  1.710  0.464  1.139  0.154  0.000  0.000  0.000  0.000
 364.48 16.583 16.583  1.655 14.929  5.377  7.830  1.722  0.467  1.057  0.131  0.000  0.000  0.000  0.000
 368.07 16.906 16.906  1.554 15.352  5.657  7.935  1.761  0.475  0.968  0.111  0.000  0.000  0.000  0.000
 399.82 20.052 20.052  1.071 18.980  8.457  8.720  1.803  0.641  0.409  0.021  0.000  0.000  0.000  0.000
 401.14 20.178 20.178  1.064 19.114  8.505  8.798  1.811  0.650  0.395  0.020  0.000  0.000  0.000  0.000
 401.94 20.254 20.254  1.060 19.194  8.530  8.848  1.817  0.656  0.386  0.019  0.000  0.000  0.000  0.000
 403.26 20.380 20.380  1.054 19.326  8.571  8.929  1.825  0.665  0.372  0.017  0.000  0.000  0.000  0.000
 417.24 21.621 21.621  0.897 20.724  9.121  9.682  1.921  0.679  0.216  0.003  0.000  0.000  0.000  0.000
 430.47 22.662 22.662  0.921 21.740  9.766  9.991  1.983  0.788  0.133  0.000  0.000  0.000  0.000  0.000
 436.70 22.948 22.948  0.940 22.008  9.910 10.121  1.977  0.851  0.089  0.000  0.000  0.000  0.000  0.000
 453.01 23.085 23.085  0.930 22.155  9.948 10.326  1.881  0.914  0.016  0.000  0.000  0.000  0.000  0.000
 454.01 23.080 23.080  0.940 22.140  9.936 10.332  1.872  0.926  0.014  0.000  0.000  0.000  0.000  0.000
 455.01 23.075 23.075  0.950 22.125  9.924 10.338  1.863  0.939  0.011  0.000  0.000  0.000  0.000  0.000
 456.01 23.070 23.070  0.960 22.110  9.912 10.343  1.854  0.951  0.009  0.000  0.000  0.000  0.000  0.000
 457.01 23.065 23.065  0.970 22.095  9.901 10.349  1.845  0.964  0.006  0.000  0.000  0.000  0.000  0.000
 458.01 23.060 23.060  0.980 22.080  9.889 10.355  1.836  0.977  0.003  0.000  0.000  0.000  0.000  0.000
 459.01 23.055 23.055  0.990 22.065  9.877 10.361  1.827  0.990  0.000  0.000  0.000  0.000  0.000  0.000
 460.01 23.050 23.050  1.000 22.050  9.887 10.444  1.719  1.000  0.000  0.000  0.000  0.000  0.000  0.000
 461.01 23.072 23.072  1.012 22.060  9.899 10.527  1.634  1.012  0.000  0.000  0.000  0.000  0.000  0.000
 462.01 23.094 23.094  1.024 22.070  9.883 10.549  1.639  1.024  0.000  0.000  0.000  0.000  0.000  0.000
 463.01 23.116 23.116  1.036 22.080  9.866 10.570  1.644  1.036  0.000  0.000  0.000  0.000  0.000  0.000
 464.01 23.138 23.138  1.048 22.090  9.850 10.591  1.649  1.048  0.000  0.000  0.000  0.000  0.000  0.000
 465.01 23.160 23.160  1.060 22.100  9.834 10.613  1.654  1.060  0.000  0.000  0.000  0.000  0.000  0.000
 465.22 23.165 23.165  1.063 22.102  9.830 10.617  1.655  1.063  0.000  0.000  0.000  0.000  0.000  0.000
 466.01 23.182 23.182  1.072 22.110  9.817 10.634  1.659  1.072  0.000  0.000  0.000  0.000  0.000  0.000
 467.01 23.204 23.204  1.084 22.120  9.801 10.655  1.664  1.084  0.000  0.000  0.000  0.000  0.000  0.000
 468.01 23.226 23.226  1.096 22.130  9.784 10.677  1.669  1.096  0.000  0.000  0.000  0.000  0.000  0.000
 469.01 23.248 23.248  1.108 22.140  9.768 10.698  1.674  1.108  0.000  0.000  0.000  0.000  0.000  0.000
 470.01 23.270 23.270  1.120 22.150  9.751 10.719  1.679  1.120  0.000  0.000  0.000  0.000  0.000  0.000
 471.01 23.303 23.303  1.133 22.170  9.739 10.746  1.685  1.133  0.000  0.000  0.000  0.000  0.000  0.000
 472.01 23.336 23.336  1.146 22.190  9.727 10.772  1.691  1.146  0.000  0.000  0.000  0.000  0.000  0.000
 473.01 23.369 23.369  1.159 22.210  9.715 10.798  1.697  1.159  0.000  0.000  0.000  0.000  0.000  0.000
 474.01 23.402 23.402  1.172 22.230  9.703 10.825  1.703  1.172  0.000  0.000  0.000  0.000  0.000  0.000
 475.01 23.435 23.435  1.185 22.250  9.691 10.851  1.709  1.185  0.000  0.000  0.000  0.000  0.000  0.000
 476.01 23.468 23.468  1.198 22.270  9.678 10.878  1.714  1.198  0.000  0.000  0.000  0.000  0.000  0.000
 477.01 23.501 23.501  1.211 22.290  9.666 10.904  1.720  1.211  0.000  0.000  0.000  0.000  0.000  0.000
 478.01 23.534 23.534  1.224 22.310  9.654 10.930  1.726  1.224  0.000  0.000  0.000  0.000  0.000  0.000
 479.01 23.567 23.567  1.237 22.330  9.641 10.957  1.732  1.237  0.000  0.000  0.000  0.000  0.000  0.000
 480.01 23.600 23.600  1.250 22.350  9.629 10.983  1.738  1.250  0.000  0.000  0.000  0.000  0.000  0.000
 481.01 23.590 23.590  1.215 22.375  9.618 11.013  1.744  1.215  0.000  0.000  0.000  0.000  0.000  0.000
 482.01 23.580 23.580  1.180 22.400  9.608 11.042  1.751  1.180  0.000  0.000  0.000  0.000  0.000  0.000
 483.01 23.570 23.570  1.145 22.425  9.598 11.071  1.757  1.145  0.000  0.000  0.000  0.000  0.000  0.000
 484.01 23.560 23.560  1.110 22.450  9.587 11.100  1.763  1.110  0.000  0.000  0.000  0.000  0.000  0.000
 485.01 23.550 23.550  1.075 22.475  9.577 11.129  1.770  1.075  0.000  0.000  0.000  0.000  0.000  0.000
 486.01 23.540 23.540  1.040 22.500  9.566 11.158  1.776  1.040  0.000  0.000  0.000  0.000  0.000  0.000
 487.01 23.530 23.530  1.005 22.525  9.555 11.187  1.782  1.005  0.000  0.000  0.000  0.000  0.000  0.000
 488.01 23.520 23.520  0.970 22.550  9.545 11.217  1.789  0.970  0.000  0.000  0.000  0.000  0.000  0.000
 489.01 23.510 23.510  0.935 22.575  9.534 11.246  1.795  0.935  0.000  0.000  0.000  0.000  0.000  0.000
 489.50 23.505 23.505  0.917 22.587  9.529 11.260  1.798  0.917  0.000  0.000  0.000  0.000  0.000  0.000
 490.01 23.500 23.500  0.899 22.601  9.523 11.276  1.802  0.899  0.000  0.000  0.000  0.000  0.000  0.000
 491.01 23.500 23.500  0.849 22.651  9.523 11.317  1.810  0.849  0.000  0.000  0.000  0.000  0.000  0.000
 492.01 23.500 23.500  0.799 22.701  9.523 11.359  1.818  0.799  0.000  0.000  0.000  0.000  0.000  0.000
 493.01 23.500 23.500  0.749 22.750  9.522 11.401  1.827  0.749  0.000  0.000  0.000  0.000  0.000  0.000
 494.01 23.500 23.500  0.699 22.801  9.522 11.444  1.835  0.699  0.000  0.000  0.000  0.000  0.000  0.000
 495.01 23.500 23.500  0.649 22.851  9.521 11.486  1.844  0.649  0.000  0.000  0.000  0.000  0.000  0.000
 496.01 23.500 23.500  0.589 22.911  9.524 11.533  1.853  0.589  0.000  0.000  0.000  0.000  0.000  0.000
 497.01 23.500 23.500  0.529 22.971  9.528 11.580  1.862  0.529  0.000  0.000  0.000  0.000  0.000  0.000
 498.01 23.500 23.500  0.469 23.031  9.531 11.628  1.872  0.469  0.000  0.000  0.000  0.000  0.000  0.000
 499.01 23.500 23.500  0.409 23.091  9.534 11.676  1.881  0.409  0.000  0.000  0.000  0.000  0.000  0.000
 499.37 23.500 23.500  0.388 23.112  9.535 11.693  1.885  0.388  0.000  0.000  0.000  0.000  0.000  0.000
 500.01 23.500 23.500  0.349 23.151  9.537 11.723  1.891  0.349  0.000  0.000  0.000  0.000  0.000  0.000
 501.01 23.516 23.516  0.295 23.221  9.544 11.776  1.901  0.295  0.000  0.000  0.000  0.000  0.000  0.000
 502.01 23.532 23.532  0.241 23.291  9.551 11.829  1.911  0.241  0.000  0.000  0.000  0.000  0.000  0.000
 503.01 23.548 23.548  0.187 23.361  9.557 11.882  1.921  0.187  0.000  0.000  0.000  0.000  0.000  0.000
 504.01 23.564 23.564  0.133 23.431  9.564 11.935  1.932  0.133  0.000  0.000  0.000  0.000  0.000  0.000
 507.93 23.726 23.726  0.051 23.676  9.576 12.129  1.970  0.051  0.000  0.000  0.000  0.000  0.000  0.000
 515.60 24.250 24.250  0.013 24.237  9.628 12.556  2.053  0.013  0.000  0.000  0.000  0.000  0.000  0.000
 520.66 24.612 24.612  0.000 24.612  9.659 12.844  2.109  0.000  0.000  0.000  0.000  0.000  0.000  0.000
 525.80 24.864 24.864  0.000 24.864  9.656 12.980  2.229  0.000  0.000  0.000  0.000  0.000  0.000  0.000
 537.02 25.231 25.231  0.000 25.231  9.588 13.095  2.548  0.000  0.000  0.000  0.000  0.000  0.000  0.000
 542.80 25.132 25.132  0.000 25.132  9.339 13.384  2.409  0.000  0.000  0.000  0.000  0.000  0.000  0.000
 550.01 24.699 24.699  0.000 24.699  8.785 13.292  2.622  0.000  0.000  0.000  0.000  0.000  0.000  0.000
 554.37 24.132 24.132  0.000 24.132  8.351 13.069  2.712  0.000  0.000  0.000  0.000  0.000  0.000  0.000
 558.60 23.582 23.582  0.000 23.582  8.290 12.805  2.487  0.000  0.000  0.000  0.000  0.000  0.000  0.000
 562.80 23.148 23.148  0.000 23.148  8.225 12.670  2.253  0.000  0.000  0.000  0.000  0.000  0.000  0.000
 568.50 22.635 22.635  0.000 22.635  7.908 12.606  2.121  0.000  0.000  0.000  0.000  0.000  0.000  0.000
 572.30 22.477 22.477  0.000 22.477  7.764 12.662  2.051  0.000  0.000  0.000  0.000  0.000  0.000  0.000
 580.40 22.400 22.400  0.000 22.400  7.656 12.445  2.298  0.000  0.000  0.000  0.000  0.000  0.000  0.000
 584.33 22.400 22.400  0.000 22.400  8.175 12.186  2.039  0.000  0.000  0.000  0.000  0.000  0.000  0.000
 592.40 22.443 22.443  0.000 22.443  7.542 12.751  2.151  0.000  0.000  0.000  0.000  0.000  0.000  0.000
 599.60 22.573 22.573  0.000 22.573  7.088 13.191  2.293  0.000  0.000  0.000  0.000  0.000  0.000  0.000
 609.76 22.795 22.795  0.000 22.795  6.795 13.368  2.631  0.000  0.000  0.000  0.000  0.000  0.000  0.000
 616.60 22.998 22.998  0.000 22.998  6.867 13.441  2.690  0.000  0.000  0.000  0.000  0.000  0.000  0.000
 624.93 23.238 23.238  0.000 23.238  7.148 13.465  2.625  0.000  0.000  0.000  0.000  0.000  0.000  0.000
 629.73 23.372 23.372  0.000 23.372  7.311 13.475  2.586  0.000  0.000  0.000  0.000  0.000  0.000  0.000
 638.50 23.618 23.618  0.000 23.618  7.499 13.547  2.572  0.000  0.000  0.000  0.000  0.000  0.000  0.000
 640.41 23.672 23.672  0.000 23.672  7.388 13.636  2.648  0.000  0.000  0.000  0.000  0.000  0.000  0.000
 640.93 23.687 23.687  0.000 23.687  7.357 13.661  2.669  0.000  0.000  0.000  0.000  0.000  0.000  0.000
 641.81 23.712 23.712  0.000 23.712  7.306 13.703  2.704  0.000  0.000  0.000  0.000  0.000  0.000  0.000
 644.10 23.779 23.779  0.000 23.779  7.171 13.812  2.796  0.000  0.000  0.000  0.000  0.000  0.000  0.000
 650.30 23.958 23.958  0.000 23.958  7.172 14.060  2.726  0.000  0.000  0.000  0.000  0.000  0.000  0.000
 657.30 24.132 24.132  0.000 24.132  7.235 14.317  2.580  0.000  0.000  0.000  0.000  0.000  0.000  0.000
 661.40 25.744 23.974  0.000 23.974  7.918 15.318  0.739  0.000  0.000  0.000  0.000  0.000  0.000  0.000
 671.50 34.300 33.271  0.000 33.271 10.480 22.791  0.000  0.000  0.000  0.000  0.000  0.000  0.000  0.000
 681.70 25.200 23.410  0.000 23.410  7.213 16.197  0.000  0.000  0.000  0.000  0.000  0.000  0.000  0.000
 685.71 23.700 22.504  0.000 22.504  7.371 15.133  0.000  0.000  0.000  0.000  0.000  0.000  0.000  0.000
 690.80 23.109 21.776  0.000 21.776  7.669 14.107  0.000  0.000  0.000  0.000  0.000  0.000  0.000  0.000
 694.30 42.738 40.017  0.000 40.017 14.770 25.247  0.000  0.000  0.000  0.000  0.000  0.000  0.000  0.000
 700.01 22.100 20.826  0.000 20.826  7.938 12.888  0.000  0.000  0.000  0.000  0.000  0.000  0.000  0.000
 701.01 22.100 20.962  0.000 20.962  7.929 13.034  0.000  0.000  0.000  0.000  0.000  0.000  0.000  0.000
 702.01 22.100 21.098  0.000 21.098  7.919 13.180  0.000  0.000  0.000  0.000  0.000  0.000  0.000  0.000
 703.01 22.034 21.171  0.000 21.171  7.884 13.287  0.000  0.000  0.000  0.000  0.000  0.000  0.000  0.000
 703.36 21.824 21.016  0.000 21.016  7.805 13.211  0.000  0.000  0.000  0.000  0.000  0.000  0.000  0.000
 704.01 22.288 21.552  0.000 21.552  7.963 13.589  0.000  0.000  0.000  0.000  0.000  0.000  0.000  0.000
 705.01 24.461 23.636  0.000 23.636  8.708 14.928  0.000  0.000  0.000  0.000  0.000  0.000  0.000  0.000
 706.01 23.842 22.862  0.000 22.862  8.443 14.419  0.000  0.000  0.000  0.000  0.000  0.000  0.000  0.000
 707.01 23.900 22.742  0.000 22.742  8.419 14.323  0.000  0.000  0.000  0.000  0.000  0.000  0.000  0.000
 708.01 23.975 22.637  0.000 22.637  8.400 14.237  0.000  0.000  0.000  0.000  0.000  0.000  0.000  0.000
 709.01 24.080 22.559  0.000 22.559  8.391 14.168  0.000  0.000  0.000  0.000  0.000  0.000  0.000  0.000
 710.01 24.401 22.681  0.000 22.681  8.457 14.224  0.000  0.000  0.000  0.000  0.000  0.000  0.000  0.000
 711.01 24.773 22.844  0.000 22.844  8.538 14.307  0.000  0.000  0.000  0.000  0.000  0.000  0.000  0.000
 712.01 25.146 23.003  0.000 23.003  8.617 14.385  0.000  0.000  0.000  0.000  0.000  0.000  0.000  0.000
 712.70 25.402 23.109  0.000 23.109  8.671 14.438  0.000  0.000  0.000  0.000  0.000  0.000  0.000  0.000
 713.01 25.518 23.155  0.000 23.155  8.695 14.460  0.000  0.000  0.000  0.000  0.000  0.000  0.000  0.000
 714.01 25.232 22.711  0.000 22.711  8.548 14.163  0.000  0.000  0.000  0.000  0.000  0.000  0.000  0.000
 715.01 18.482 16.500  0.000 16.500  6.225 10.275  0.000  0.000  0.000  0.000  0.000  0.000  0.000  0.000
 716.01 16.304 14.435  0.000 14.435  5.459  8.976  0.000  0.000  0.000  0.000  0.000  0.000  0.000  0.000
 717.01 20.704 18.179  0.000 18.179  6.890 11.288  0.000  0.000  0.000  0.000  0.000  0.000  0.000  0.000
 718.01 25.104 21.857  0.000 21.857  8.304 13.553  0.000  0.000  0.000  0.000  0.000  0.000  0.000  0.000
 718.50 23.200 20.307  0.000 20.307  8.163 12.143  0.000  0.000  0.000  0.000  0.000  0.000  0.000  0.000
 719.01 23.391 20.632  0.000 20.632  8.859 11.773  0.000  0.000  0.000  0.000  0.000  0.000  0.000  0.000
 720.01 23.766 21.276  0.000 21.276 10.278 10.998  0.000  0.000  0.000  0.000  0.000  0.000  0.000  0.000
 721.01 26.089 23.700  0.000 23.700 12.721 10.978  0.000  0.000  0.000  0.000  0.000  0.000  0.000  0.000
 722.01 44.169 40.708  0.000 40.708 24.036 16.671  0.000  0.000  0.000  0.000  0.000  0.000  0.000  0.000
 723.01 62.249 58.193  0.000 58.193 37.485 20.708  0.000  0.000  0.000  0.000  0.000  0.000  0.000  0.000
 724.01 57.351 52.744  0.000 52.744 33.216 19.528  0.000  0.000  0.000  0.000  0.000  0.000  0.000  0.000
 725.01 37.762 33.470  0.000 33.470 19.364 14.106  0.000  0.000  0.000  0.000  0.000  0.000  0.000  0.000
 726.01 29.216 25.335  0.000 25.335 13.979 11.356  0.000  0.000  0.000  0.000  0.000  0.000  0.000  0.000
 727.01 26.501 22.834  0.000 22.834 12.637 10.197  0.000  0.000  0.000  0.000  0.000  0.000  0.000  0.000
 728.01 24.155 20.678  0.000 20.678 11.479  9.199  0.000  0.000  0.000  0.000  0.000  0.000  0.000  0.000
 729.01 22.942 19.512  0.000 19.512 10.864  8.648  0.000  0.000  0.000  0.000  0.000  0.000  0.000  0.000
 730.01 23.079 19.500  0.000 19.500 10.890  8.610  0.000  0.000  0.000  0.000  0.000  0.000  0.000  0.000
 731.01 23.182 19.524  0.000 19.524 11.000  8.524  0.000  0.000  0.000  0.000  0.000  0.000  0.000  0.000
 732.01 23.022 19.850  0.000 19.850 12.015  7.835  0.000  0.000  0.000  0.000  0.000  0.000  0.000  0.000
 733.01 22.862 20.169  0.000 20.169 13.053  7.116  0.000  0.000  0.000  0.000  0.000  0.000  0.000  0.000
 734.01 22.702 20.482  0.000 20.482 14.113  6.369  0.000  0.000  0.000  0.000  0.000  0.000  0.000  0.000
 735.01 22.542 20.789  0.000 20.789 15.195  5.594  0.000  0.000  0.000  0.000  0.000  0.000  0.000  0.000
 736.01 22.430 20.983  0.000 20.983 16.049  4.934  0.000  0.000  0.000  0.000  0.000  0.000  0.000  0.000
 737.01 22.703 20.310  0.000 20.310 14.977  5.333  0.000  0.000  0.000  0.000  0.000  0.000  0.000  0.000
 738.01 22.975 19.614  0.000 19.614 13.926  5.688  0.000  0.000  0.000  0.000  0.000  0.000  0.000  0.000
 739.01 23.248 18.895  0.000 18.895 12.897  5.998  0.000  0.000  0.000  0.000  0.000  0.000  0.000  0.000
 740.01 23.521 18.155  0.000 18.155 11.894  6.261  0.000  0.000  0.000  0.000  0.000  0.000  0.000  0.000
 741.01 23.489 17.843  0.000 17.843 11.859  5.984  0.000  0.000  0.000  0.000  0.000  0.000  0.000  0.000
 742.01 23.333 17.711  0.000 17.711 12.170  5.541  0.000  0.000  0.000  0.000  0.000  0.000  0.000  0.000
 743.01 23.177 17.580  0.000 17.580 12.476  5.104  0.000  0.000  0.000  0.000  0.000  0.000  0.000  0.000
 744.01 22.742 17.238  0.000 17.238 12.621  4.617  0.000  0.000  0.000  0.000  0.000  0.000  0.000  0.000
 745.01 22.040 16.694  0.000 16.694 12.598  4.096  0.000  0.000  0.000  0.000  0.000  0.000  0.000  0.000
 746.01 21.338 16.150  0.000 16.150 12.551  3.599  0.000  0.000  0.000  0.000  0.000  0.000  0.000  0.000
 747.01 20.636 15.608  0.000 15.608 12.481  3.127  0.000  0.000  0.000  0.000  0.000  0.000  0.000  0.000
 748.01 19.933 15.066  0.000 15.066 12.386  2.680  0.000  0.000  0.000  0.000  0.000  0.000  0.000  0.000
 749.01 18.838 14.227  0.000 14.227 12.017  2.210  0.000  0.000  0.000  0.000  0.000  0.000  0.000  0.000
 750.01 17.482 13.194  0.000 13.194 11.441  1.753  0.000  0.000  0.000  0.000  0.000  0.000  0.000  0.000
 750.01 17.482 13.194  0.000 13.194 11.441  1.753  0.000  0.000  0.000  0.000  0.000  0.000  0.000  0.000
 751.01 16.126 12.162  0.000 12.162 10.820  1.342  0.000  0.000  0.000  0.000  0.000  0.000  0.000  0.000
 752.01 14.771 11.132  0.000 11.132 10.154  0.978  0.000  0.000  0.000  0.000  0.000  0.000  0.000  0.000
 753.01 15.370 11.575  0.000 11.575 10.819  0.756  0.000  0.000  0.000  0.000  0.000  0.000  0.000  0.000
 754.01 23.322 17.551  0.000 17.551 16.799  0.752  0.000  0.000  0.000  0.000  0.000  0.000  0.000  0.000
 755.01 30.400 22.861  0.000 22.861 22.396  0.465  0.000  0.000  0.000  0.000  0.000  0.000  0.000  0.000
 756.01 29.011 21.801  0.000 21.801 21.801  0.000  0.000  0.000  0.000  0.000  0.000  0.000  0.000  0.000
 757.01 27.297 20.498  0.000 20.498 20.498  0.000  0.000  0.000  0.000  0.000  0.000  0.000  0.000  0.000
 758.01 25.583 19.197  0.000 19.197 19.197  0.000  0.000  0.000  0.000  0.000  0.000  0.000  0.000  0.000
 758.68 24.434 18.326  0.000 18.326 18.326  0.000  0.000  0.000  0.000  0.000  0.000  0.000  0.000  0.000
 759.01 18.864 15.067  0.000 15.067 15.067  0.000  0.000  0.000  0.000  0.000  0.000  0.000  0.000  0.000
 759.44 12.695 10.733  0.000 10.733 10.733  0.000  0.000  0.000  0.000  0.000  0.000  0.000  0.000  0.000
 760.01 24.024 15.348  0.000 15.348 15.348  0.000  0.000  0.000  0.000  0.000  0.000  0.000  0.000  0.000
 760.30 27.800 15.846  0.000 15.846 15.846  0.000  0.000  0.000  0.000  0.000  0.000  0.000  0.000  0.000
 761.01 27.863 17.230  0.000 17.230 17.230  0.000  0.000  0.000  0.000  0.000  0.000  0.000  0.000  0.000
 761.13 27.876 17.503  0.000 17.503 17.503  0.000  0.000  0.000  0.000  0.000  0.000  0.000  0.000  0.000
 762.01 27.967 19.512  0.000 19.512 19.512  0.000  0.000  0.000  0.000  0.000  0.000  0.000  0.000  0.000
 763.01 28.070 21.810  0.000 21.810 21.810  0.000  0.000  0.000  0.000  0.000  0.000  0.000  0.000  0.000
 764.01 18.547 13.521  0.000 13.521 13.521  0.000  0.000  0.000  0.000  0.000  0.000  0.000  0.000  0.000
 765.01 81.013 61.547  0.000 61.547 61.547  0.000  0.000  0.000  0.000  0.000  0.000  0.000  0.000  0.000
 765.15 89.056 68.397  0.000 68.397 68.397  0.000  0.000  0.000  0.000  0.000  0.000  0.000  0.000  0.000
 766.01 55.645 40.854  0.000 40.854 40.854  0.000  0.000  0.000  0.000  0.000  0.000  0.000  0.000  0.000
 767.01 16.795 11.670  0.000 11.670 11.670  0.000  0.000  0.000  0.000  0.000  0.000  0.000  0.000  0.000
 768.01 14.203  9.309  0.000  9.309  9.309  0.000  0.000  0.000  0.000  0.000  0.000  0.000  0.000  0.000
 769.01 17.114 10.544  0.000 10.544 10.544  0.000  0.000  0.000  0.000  0.000  0.000  0.000  0.000  0.000
 770.01 20.026 11.550  0.000 11.550 11.550  0.000  0.000  0.000  0.000  0.000  0.000  0.000  0.000  0.000
 770.41 21.191 11.888  0.000 11.888 11.888  0.000  0.000  0.000  0.000  0.000  0.000  0.000  0.000  0.000
 771.01 22.938 12.326  0.000 12.326 12.326  0.000  0.000  0.000  0.000  0.000  0.000  0.000  0.000  0.000
 772.01 25.850 12.873  0.000 12.873 12.873  0.000  0.000  0.000  0.000  0.000  0.000  0.000  0.000  0.000
 773.01 28.761 13.191  0.000 13.191 13.191  0.000  0.000  0.000  0.000  0.000  0.000  0.000  0.000  0.000
 774.01 31.673 13.280  0.000 13.280 13.280  0.000  0.000  0.000  0.000  0.000  0.000  0.000  0.000  0.000
 775.01 31.060 13.171  0.000 13.171 13.171  0.000  0.000  0.000  0.000  0.000  0.000  0.000  0.000  0.000
 776.01 27.060 12.751  0.000 12.751 12.751  0.000  0.000  0.000  0.000  0.000  0.000  0.000  0.000  0.000
 777.01 23.060 11.954  0.000 11.954 11.954  0.000  0.000  0.000  0.000  0.000  0.000  0.000  0.000  0.000
 778.01 19.060 10.780  0.000 10.780 10.780  0.000  0.000  0.000  0.000  0.000  0.000  0.000  0.000  0.000
 779.01 15.060  9.228  0.000  9.228  9.228  0.000  0.000  0.000  0.000  0.000  0.000  0.000  0.000  0.000
 780.01 11.840  7.736  0.000  7.736  7.736  0.000  0.000  0.000  0.000  0.000  0.000  0.000  0.000  0.000
 780.32 11.672  7.738  0.000  7.738  7.738  0.000  0.000  0.000  0.000  0.000  0.000  0.000  0.000  0.000
 781.01 11.298  7.730  0.000  7.730  7.730  0.000  0.000  0.000  0.000  0.000  0.000  0.000  0.000  0.000
 782.01 10.756  7.690  0.000  7.690  7.690  0.000  0.000  0.000  0.000  0.000  0.000  0.000  0.000  0.000
 783.01 10.213  7.616  0.000  7.616  7.616  0.000  0.000  0.000  0.000  0.000  0.000  0.000  0.000  0.000
 784.01  9.671  7.509  0.000  7.509  7.509  0.000  0.000  0.000  0.000  0.000  0.000  0.000  0.000  0.000
 785.01  9.129  7.369  0.000  7.369  7.369  0.000  0.000  0.000  0.000  0.000  0.000  0.000  0.000  0.000
 786.01  8.587  7.195  0.000  7.195  7.195  0.000  0.000  0.000  0.000  0.000  0.000  0.000  0.000  0.000
 786.47  8.337  7.104  0.000  7.104  7.104  0.000  0.000  0.000  0.000  0.000  0.000  0.000  0.000  0.000
 787.01  8.044  6.989  0.000  6.989  6.989  0.000  0.000  0.000  0.000  0.000  0.000  0.000  0.000  0.000
 787.71  7.728  6.864  0.000  6.864  6.864  0.000  0.000  0.000  0.000  0.000  0.000  0.000  0.000  0.000
 788.01  9.469  7.890  0.000  7.890  7.890  0.000  0.000  0.000  0.000  0.000  0.000  0.000  0.000  0.000
 789.01 15.274  9.925  0.000  9.925  9.925  0.000  0.000  0.000  0.000  0.000  0.000  0.000  0.000  0.000
 790.01 21.078  9.833  0.000  9.833  9.833  0.000  0.000  0.000  0.000  0.000  0.000  0.000  0.000  0.000
 790.15 21.600  9.720  0.000  9.720  9.720  0.000  0.000  0.000  0.000  0.000  0.000  0.000  0.000  0.000
 791.01 20.413  9.186  0.000  9.186  9.186  0.000  0.000  0.000  0.000  0.000  0.000  0.000  0.000  0.000
 792.01 18.947  8.526  0.000  8.526  8.526  0.000  0.000  0.000  0.000  0.000  0.000  0.000  0.000  0.000
 793.01 17.482  7.867  0.000  7.867  7.867  0.000  0.000  0.000  0.000  0.000  0.000  0.000  0.000  0.000
 794.01 16.016  7.207  0.000  7.207  7.207  0.000  0.000  0.000  0.000  0.000  0.000  0.000  0.000  0.000
 795.01 14.551  6.548  0.000  6.548  6.548  0.000  0.000  0.000  0.000  0.000  0.000  0.000  0.000  0.000
 796.01 13.085  0.000  0.000  0.000  0.000  0.000  0.000  0.000  0.000  0.000  0.000  0.000  0.000  0.000
 797.01 11.620  0.000  0.000  0.000  0.000  0.000  0.000  0.000  0.000  0.000  0.000  0.000  0.000  0.000
 798.01  7.300  0.000  0.000  0.000  0.000  0.000  0.000  0.000  0.000  0.000  0.000  0.000  0.000  0.000
 799.01  5.900  0.000  0.000  0.000  0.000  0.000  0.000  0.000  0.000  0.000  0.000  0.000  0.000  0.000
 800.01  8.700  0.000  0.000  0.000  0.000  0.000  0.000  0.000  0.000  0.000  0.000  0.000  0.000  0.000
 801.01 45.100  0.000  0.000  0.000  0.000  0.000  0.000  0.000  0.000  0.000  0.000  0.000  0.000  0.000
 802.01 45.100  0.000  0.000  0.000  0.000  0.000  0.000  0.000  0.000  0.000  0.000  0.000  0.000  0.000
 803.01  0.000  0.000  0.000  0.000  0.000  0.000  0.000  0.000  0.000  0.000  0.000  0.000  0.000  0.000
 804.01 29.600  0.000  0.000  0.000  0.000  0.000  0.000  0.000  0.000  0.000  0.000  0.000  0.000  0.000
 805.01  0.000  0.000  0.000  0.000  0.000  0.000  0.000  0.000  0.000  0.000  0.000  0.000  0.000  0.000
 806.01 31.800  0.000  0.000  0.000  0.000  0.000  0.000  0.000  0.000  0.000  0.000  0.000  0.000  0.000
 807.01 44.600  0.000  0.000  0.000  0.000  0.000  0.000  0.000  0.000  0.000  0.000  0.000  0.000  0.000
 808.01 44.600  0.000  0.000  0.000  0.000  0.000  0.000  0.000  0.000  0.000  0.000  0.000  0.000  0.000
 809.01 23.400  0.000  0.000  0.000  0.000  0.000  0.000  0.000  0.000  0.000  0.000  0.000  0.000  0.000
 810.01  0.000  0.000  0.000  0.000  0.000  0.000  0.000  0.000  0.000  0.000  0.000  0.000  0.000  0.000
 811.01  0.000  0.000  0.000  0.000  0.000  0.000  0.000  0.000  0.000  0.000  0.000  0.000  0.000  0.000
 812.01  0.000  0.000  0.000  0.000  0.000  0.000  0.000  0.000  0.000  0.000  0.000  0.000  0.000  0.000
 813.01 35.900  0.000  0.000  0.000  0.000  0.000  0.000  0.000  0.000  0.000  0.000  0.000  0.000  0.000
 814.01 35.900  0.000  0.000  0.000  0.000  0.000  0.000  0.000  0.000  0.000  0.000  0.000  0.000  0.000
 815.01 35.900  0.000  0.000  0.000  0.000  0.000  0.000  0.000  0.000  0.000  0.000  0.000  0.000  0.000
 816.01  0.000  0.000  0.000  0.000  0.000  0.000  0.000  0.000  0.000  0.000  0.000  0.000  0.000  0.000
 817.01  0.000  0.000  0.000  0.000  0.000  0.000  0.000  0.000  0.000  0.000  0.000  0.000  0.000  0.000
 818.01  0.000  0.000  0.000  0.000  0.000  0.000  0.000  0.000  0.000  0.000  0.000  0.000  0.000  0.000
 819.01 49.800  0.000  0.000  0.000  0.000  0.000  0.000  0.000  0.000  0.000  0.000  0.000  0.000  0.000
 820.01 49.800  0.000  0.000  0.000  0.000  0.000  0.000  0.000  0.000  0.000  0.000  0.000  0.000  0.000
 821.01  0.000  0.000  0.000  0.000  0.000  0.000  0.000  0.000  0.000  0.000  0.000  0.000  0.000  0.000
 822.01 16.000  0.000  0.000  0.000  0.000  0.000  0.000  0.000  0.000  0.000  0.000  0.000  0.000  0.000
 823.01 16.000  0.000  0.000  0.000  0.000  0.000  0.000  0.000  0.000  0.000  0.000  0.000  0.000  0.000
 824.01  9.300  0.000  0.000  0.000  0.000  0.000  0.000  0.000  0.000  0.000  0.000  0.000  0.000  0.000
 825.01  9.300  0.000  0.000  0.000  0.000  0.000  0.000  0.000  0.000  0.000  0.000  0.000  0.000  0.000
 826.01 15.700  0.000  0.000  0.000  0.000  0.000  0.000  0.000  0.000  0.000  0.000  0.000  0.000  0.000
 827.01 15.700  0.000  0.000  0.000  0.000  0.000  0.000  0.000  0.000  0.000  0.000  0.000  0.000  0.000
 828.01 15.700  0.000  0.000  0.000  0.000  0.000  0.000  0.000  0.000  0.000  0.000  0.000  0.000  0.000
 829.01  0.000  0.000  0.000  0.000  0.000  0.000  0.000  0.000  0.000  0.000  0.000  0.000  0.000  0.000
 830.01  0.000  0.000  0.000  0.000  0.000  0.000  0.000  0.000  0.000  0.000  0.000  0.000  0.000  0.000
 831.01  0.000  0.000  0.000  0.000  0.000  0.000  0.000  0.000  0.000  0.000  0.000  0.000  0.000  0.000
 832.01  0.000  0.000  0.000  0.000  0.000  0.000  0.000  0.000  0.000  0.000  0.000  0.000  0.000  0.000
 833.01  0.000  0.000  0.000  0.000  0.000  0.000  0.000  0.000  0.000  0.000  0.000  0.000  0.000  0.000
 834.01  0.000  0.000  0.000  0.000  0.000  0.000  0.000  0.000  0.000  0.000  0.000  0.000  0.000  0.000
 834.20 15.000  0.000  0.000  0.000  0.000  0.000  0.000  0.000  0.000  0.000  0.000  0.000  0.000  0.000
 835.01 32.000  0.000  0.000  0.000  0.000  0.000  0.000  0.000  0.000  0.000  0.000  0.000  0.000  0.000
 836.01 32.000  0.000  0.000  0.000  0.000  0.000  0.000  0.000  0.000  0.000  0.000  0.000  0.000  0.000
 837.01 32.000  0.000  0.000  0.000  0.000  0.000  0.000  0.000  0.000  0.000  0.000  0.000  0.000  0.000
 838.01  8.300  0.000  0.000  0.000  0.000  0.000  0.000  0.000  0.000  0.000  0.000  0.000  0.000  0.000
 839.01  8.300  0.000  0.000  0.000  0.000  0.000  0.000  0.000  0.000  0.000  0.000  0.000  0.000  0.000
 840.01  8.300  0.000  0.000  0.000  0.000  0.000  0.000  0.000  0.000  0.000  0.000  0.000  0.000  0.000
 841.01 21.500  0.000  0.000  0.000  0.000  0.000  0.000  0.000  0.000  0.000  0.000  0.000  0.000  0.000
 842.01 21.500  0.000  0.000  0.000  0.000  0.000  0.000  0.000  0.000  0.000  0.000  0.000  0.000  0.000
 843.01 21.500  0.000  0.000  0.000  0.000  0.000  0.000  0.000  0.000  0.000  0.000  0.000  0.000  0.000
 844.01 21.500  0.000  0.000  0.000  0.000  0.000  0.000  0.000  0.000  0.000  0.000  0.000  0.000  0.000
 845.01 11.000  0.000  0.000  0.000  0.000  0.000  0.000  0.000  0.000  0.000  0.000  0.000  0.000  0.000
 846.01 11.000  0.000  0.000  0.000  0.000  0.000  0.000  0.000  0.000  0.000  0.000  0.000  0.000  0.000
 847.01 11.000  0.000  0.000  0.000  0.000  0.000  0.000  0.000  0.000  0.000  0.000  0.000  0.000  0.000
 848.01  3.100  0.000  0.000  0.000  0.000  0.000  0.000  0.000  0.000  0.000  0.000  0.000  0.000  0.000
 849.01  3.100  0.000  0.000  0.000  0.000  0.000  0.000  0.000  0.000  0.000  0.000  0.000  0.000  0.000
 850.01 13.800  0.000  0.000  0.000  0.000  0.000  0.000  0.000  0.000  0.000  0.000  0.000  0.000  0.000
 851.01 13.800  0.000  0.000  0.000  0.000  0.000  0.000  0.000  0.000  0.000  0.000  0.000  0.000  0.000
 852.01 13.800  0.000  0.000  0.000  0.000  0.000  0.000  0.000  0.000  0.000  0.000  0.000  0.000  0.000
 853.01 13.800  0.000  0.000  0.000  0.000  0.000  0.000  0.000  0.000  0.000  0.000  0.000  0.000  0.000
 854.01 36.400  0.000  0.000  0.000  0.000  0.000  0.000  0.000  0.000  0.000  0.000  0.000  0.000  0.000
 855.01 36.400  0.000  0.000  0.000  0.000  0.000  0.000  0.000  0.000  0.000  0.000  0.000  0.000  0.000
 856.01 36.400  0.000  0.000  0.000  0.000  0.000  0.000  0.000  0.000  0.000  0.000  0.000  0.000  0.000
 857.01 53.000  0.000  0.000  0.000  0.000  0.000  0.000  0.000  0.000  0.000  0.000  0.000  0.000  0.000
 858.01 29.800  0.000  0.000  0.000  0.000  0.000  0.000  0.000  0.000  0.000  0.000  0.000  0.000  0.000
 859.01 29.800  0.000  0.000  0.000  0.000  0.000  0.000  0.000  0.000  0.000  0.000  0.000  0.000  0.000
 860.01 29.800  0.000  0.000  0.000  0.000  0.000  0.000  0.000  0.000  0.000  0.000  0.000  0.000  0.000
 861.01  9.900  0.000  0.000  0.000  0.000  0.000  0.000  0.000  0.000  0.000  0.000  0.000  0.000  0.000
 862.01  9.900  0.000  0.000  0.000  0.000  0.000  0.000  0.000  0.000  0.000  0.000  0.000  0.000  0.000
 863.01  9.900  0.000  0.000  0.000  0.000  0.000  0.000  0.000  0.000  0.000  0.000  0.000  0.000  0.000
 864.01 16.000  0.000  0.000  0.000  0.000  0.000  0.000  0.000  0.000  0.000  0.000  0.000  0.000  0.000
 865.01 16.000  0.000  0.000  0.000  0.000  0.000  0.000  0.000  0.000  0.000  0.000  0.000  0.000  0.000
 866.01 54.000  0.000  0.000  0.000  0.000  0.000  0.000  0.000  0.000  0.000  0.000  0.000  0.000  0.000
 867.01 42.000  0.000  0.000  0.000  0.000  0.000  0.000  0.000  0.000  0.000  0.000  0.000  0.000  0.000
 868.01 42.000  0.000  0.000  0.000  0.000  0.000  0.000  0.000  0.000  0.000  0.000  0.000  0.000  0.000
 869.01 42.000  0.000  0.000  0.000  0.000  0.000  0.000  0.000  0.000  0.000  0.000  0.000  0.000  0.000
 870.01 42.000  0.000  0.000  0.000  0.000  0.000  0.000  0.000  0.000  0.000  0.000  0.000  0.000  0.000
 871.01 36.900  0.000  0.000  0.000  0.000  0.000  0.000  0.000  0.000  0.000  0.000  0.000  0.000  0.000
 872.01 38.000  0.000  0.000  0.000  0.000  0.000  0.000  0.000  0.000  0.000  0.000  0.000  0.000  0.000
 873.01 38.000  0.000  0.000  0.000  0.000  0.000  0.000  0.000  0.000  0.000  0.000  0.000  0.000  0.000
 874.01 38.000  0.000  0.000  0.000  0.000  0.000  0.000  0.000  0.000  0.000  0.000  0.000  0.000  0.000
 875.01 38.000  0.000  0.000  0.000  0.000  0.000  0.000  0.000  0.000  0.000  0.000  0.000  0.000  0.000
 876.01 47.900  0.000  0.000  0.000  0.000  0.000  0.000  0.000  0.000  0.000  0.000  0.000  0.000  0.000
 877.01 47.900  0.000  0.000  0.000  0.000  0.000  0.000  0.000  0.000  0.000  0.000  0.000  0.000  0.000
 878.01 47.900  0.000  0.000  0.000  0.000  0.000  0.000  0.000  0.000  0.000  0.000  0.000  0.000  0.000
 879.01 47.900  0.000  0.000  0.000  0.000  0.000  0.000  0.000  0.000  0.000  0.000  0.000  0.000  0.000
 880.01 47.900  0.000  0.000  0.000  0.000  0.000  0.000  0.000  0.000  0.000  0.000  0.000  0.000  0.000
 881.01 63.200  0.000  0.000  0.000  0.000  0.000  0.000  0.000  0.000  0.000  0.000  0.000  0.000  0.000
 882.01 63.200  0.000  0.000  0.000  0.000  0.000  0.000  0.000  0.000  0.000  0.000  0.000  0.000  0.000
 883.01 63.200  0.000  0.000  0.000  0.000  0.000  0.000  0.000  0.000  0.000  0.000  0.000  0.000  0.000
 884.01 63.200  0.000  0.000  0.000  0.000  0.000  0.000  0.000  0.000  0.000  0.000  0.000  0.000  0.000
 885.01  0.000  0.000  0.000  0.000  0.000  0.000  0.000  0.000  0.000  0.000  0.000  0.000  0.000  0.000
 886.01 49.700  0.000  0.000  0.000  0.000  0.000  0.000  0.000  0.000  0.000  0.000  0.000  0.000  0.000
 887.01 76.200  0.000  0.000  0.000  0.000  0.000  0.000  0.000  0.000  0.000  0.000  0.000  0.000  0.000
 888.01 76.200  0.000  0.000  0.000  0.000  0.000  0.000  0.000  0.000  0.000  0.000  0.000  0.000  0.000
 889.01  9.400  0.000  0.000  0.000  0.000  0.000  0.000  0.000  0.000  0.000  0.000  0.000  0.000  0.000
 890.01  9.400  0.000  0.000  0.000  0.000  0.000  0.000  0.000  0.000  0.000  0.000  0.000  0.000  0.000
 891.01 45.700  0.000  0.000  0.000  0.000  0.000  0.000  0.000  0.000  0.000  0.000  0.000  0.000  0.000
 892.01 45.700  0.000  0.000  0.000  0.000  0.000  0.000  0.000  0.000  0.000  0.000  0.000  0.000  0.000
 893.01 45.700  0.000  0.000  0.000  0.000  0.000  0.000  0.000  0.000  0.000  0.000  0.000  0.000  0.000
 894.01 10.300  0.000  0.000  0.000  0.000  0.000  0.000  0.000  0.000  0.000  0.000  0.000  0.000  0.000
 895.01 10.300  0.000  0.000  0.000  0.000  0.000  0.000  0.000  0.000  0.000  0.000  0.000  0.000  0.000
 896.01 10.300  0.000  0.000  0.000  0.000  0.000  0.000  0.000  0.000  0.000  0.000  0.000  0.000  0.000
 897.01 61.900  0.000  0.000  0.000  0.000  0.000  0.000  0.000  0.000  0.000  0.000  0.000  0.000  0.000
 898.01 06.100  0.000  0.000  0.000  0.000  0.000  0.000  0.000  0.000  0.000  0.000  0.000  0.000  0.000
 899.01 06.100  0.000  0.000  0.000  0.000  0.000  0.000  0.000  0.000  0.000  0.000  0.000  0.000  0.000
 900.01 18.100  0.000  0.000  0.000  0.000  0.000  0.000  0.000  0.000  0.000  0.000  0.000  0.000  0.000
 901.01 18.100  0.000  0.000  0.000  0.000  0.000  0.000  0.000  0.000  0.000  0.000  0.000  0.000  0.000
 902.01 22.800  0.000  0.000  0.000  0.000  0.000  0.000  0.000  0.000  0.000  0.000  0.000  0.000  0.000
 903.01 19.200  0.000  0.000  0.000  0.000  0.000  0.000  0.000  0.000  0.000  0.000  0.000  0.000  0.000
 904.01 20.400  0.000  0.000  0.000  0.000  0.000  0.000  0.000  0.000  0.000  0.000  0.000  0.000  0.000
 904.10  6.300  0.000  0.000  0.000  0.000  0.000  0.000  0.000  0.000  0.000  0.000  0.000  0.000  0.000
 905.01 18.000  0.000  0.000  0.000  0.000  0.000  0.000  0.000  0.000  0.000  0.000  0.000  0.000  0.000
 906.01 18.000  0.000  0.000  0.000  0.000  0.000  0.000  0.000  0.000  0.000  0.000  0.000  0.000  0.000
 907.01 18.000  0.000  0.000  0.000  0.000  0.000  0.000  0.000  0.000  0.000  0.000  0.000  0.000  0.000
 908.01 11.600  0.000  0.000  0.000  0.000  0.000  0.000  0.000  0.000  0.000  0.000  0.000  0.000  0.000
 909.01 11.600  0.000  0.000  0.000  0.000  0.000  0.000  0.000  0.000  0.000  0.000  0.000  0.000  0.000
 910.01 11.600  0.000  0.000  0.000  0.000  0.000  0.000  0.000  0.000  0.000  0.000  0.000  0.000  0.000
 911.01 14.500  0.000  0.000  0.000  0.000  0.000  0.000  0.000  0.000  0.000  0.000  0.000  0.000  0.000
 912.01 14.500  0.000  0.000  0.000  0.000  0.000  0.000  0.000  0.000  0.000  0.000  0.000  0.000  0.000
 913.01 40.900  0.000  0.000  0.000  0.000  0.000  0.000  0.000  0.000  0.000  0.000  0.000  0.000  0.000
 913.99 40.900  0.000  0.000  0.000  0.000  0.000  0.000  0.000  0.000  0.000  0.000  0.000  0.000  0.000
 914.01 40.900  0.000  0.000  0.000  0.000  0.000  0.000  0.000  0.000  0.000  0.000  0.000  0.000  0.000
 914.99 40.900  0.000  0.000  0.000  0.000  0.000  0.000  0.000  0.000  0.000  0.000  0.000  0.000  0.000
 915.01 40.900  0.000  0.000  0.000  0.000  0.000  0.000  0.000  0.000  0.000  0.000  0.000  0.000  0.000
 915.99 40.900  0.000  0.000  0.000  0.000  0.000  0.000  0.000  0.000  0.000  0.000  0.000  0.000  0.000
 916.01 40.900  0.000  0.000  0.000  0.000  0.000  0.000  0.000  0.000  0.000  0.000  0.000  0.000  0.000
 916.99 10.310  0.000  0.000  0.000  0.000  0.000  0.000  0.000  0.000  0.000  0.000  0.000  0.000  0.000
 917.01 10.000  0.000  0.000  0.000  0.000  0.000  0.000  0.000  0.000  0.000  0.000  0.000  0.000  0.000
 918.01 10.000  0.000  0.000  0.000  0.000  0.000  0.000  0.000  0.000  0.000  0.000  0.000  0.000  0.000
 918.99 10.000  0.000  0.000  0.000  0.000  0.000  0.000  0.000  0.000  0.000  0.000  0.000  0.000  0.000
 919.01 10.000  0.000  0.000  0.000  0.000  0.000  0.000  0.000  0.000  0.000  0.000  0.000  0.000  0.000
 920.01 95.800  0.000  0.000  0.000  0.000  0.000  0.000  0.000  0.000  0.000  0.000  0.000  0.000  0.000
 920.96 95.800  0.000  0.000  0.000  0.000  0.000  0.000  0.000  0.000  0.000  0.000  0.000  0.000  0.000
 921.01 95.800  0.000  0.000  0.000  0.000  0.000  0.000  0.000  0.000  0.000  0.000  0.000  0.000  0.000
 922.01 55.600  0.000  0.000  0.000  0.000  0.000  0.000  0.000  0.000  0.000  0.000  0.000  0.000  0.000
 923.01 31.900  0.000  0.000  0.000  0.000  0.000  0.000  0.000  0.000  0.000  0.000  0.000  0.000  0.000
 923.15 31.900  0.000  0.000  0.000  0.000  0.000  0.000  0.000  0.000  0.000  0.000  0.000  0.000  0.000
 924.01 31.900  0.000  0.000  0.000  0.000  0.000  0.000  0.000  0.000  0.000  0.000  0.000  0.000  0.000
 925.01 31.900  0.000  0.000  0.000  0.000  0.000  0.000  0.000  0.000  0.000  0.000  0.000  0.000  0.000
 926.01 19.000  0.000  0.000  0.000  0.000  0.000  0.000  0.000  0.000  0.000  0.000  0.000  0.000  0.000
 926.20 19.000  0.000  0.000  0.000  0.000  0.000  0.000  0.000  0.000  0.000  0.000  0.000  0.000  0.000
 927.01 19.000  0.000  0.000  0.000  0.000  0.000  0.000  0.000  0.000  0.000  0.000  0.000  0.000  0.000
 928.01 19.000  0.000  0.000  0.000  0.000  0.000  0.000  0.000  0.000  0.000  0.000  0.000  0.000  0.000
 929.01 64.500  0.000  0.000  0.000  0.000  0.000  0.000  0.000  0.000  0.000  0.000  0.000  0.000  0.000
 930.01 64.500  0.000  0.000  0.000  0.000  0.000  0.000  0.000  0.000  0.000  0.000  0.000  0.000  0.000
 930.75 14.750  0.000  0.000  0.000  0.000  0.000  0.000  0.000  0.000  0.000  0.000  0.000  0.000  0.000
 931.01 64.500  0.000  0.000  0.000  0.000  0.000  0.000  0.000  0.000  0.000  0.000  0.000  0.000  0.000
 932.01  3.100  0.000  0.000  0.000  0.000  0.000  0.000  0.000  0.000  0.000  0.000  0.000  0.000  0.000
 933.01  3.100  0.000  0.000  0.000  0.000  0.000  0.000  0.000  0.000  0.000  0.000  0.000  0.000  0.000
 933.38  3.100  0.000  0.000  0.000  0.000  0.000  0.000  0.000  0.000  0.000  0.000  0.000  0.000  0.000
 934.01  3.100  0.000  0.000  0.000  0.000  0.000  0.000  0.000  0.000  0.000  0.000  0.000  0.000  0.000
 935.01  3.100  0.000  0.000  0.000  0.000  0.000  0.000  0.000  0.000  0.000  0.000  0.000  0.000  0.000
 936.01  2.900  0.000  0.000  0.000  0.000  0.000  0.000  0.000  0.000  0.000  0.000  0.000  0.000  0.000
 937.01  0.000  0.000  0.000  0.000  0.000  0.000  0.000  0.000  0.000  0.000  0.000  0.000  0.000  0.000
 937.80 10.000  0.000  0.000  0.000  0.000  0.000  0.000  0.000  0.000  0.000  0.000  0.000  0.000  0.000
 938.01  3.100  0.000  0.000  0.000  0.000  0.000  0.000  0.000  0.000  0.000  0.000  0.000  0.000  0.000
 939.01 20.800  0.000  0.000  0.000  0.000  0.000  0.000  0.000  0.000  0.000  0.000  0.000  0.000  0.000
 940.01 20.800  0.000  0.000  0.000  0.000  0.000  0.000  0.000  0.000  0.000  0.000  0.000  0.000  0.000
 941.01 20.800  0.000  0.000  0.000  0.000  0.000  0.000  0.000  0.000  0.000  0.000  0.000  0.000  0.000
 942.01 20.800  0.000  0.000  0.000  0.000  0.000  0.000  0.000  0.000  0.000  0.000  0.000  0.000  0.000
 943.01 39.800  0.000  0.000  0.000  0.000  0.000  0.000  0.000  0.000  0.000  0.000  0.000  0.000  0.000
 944.01 39.800  0.000  0.000  0.000  0.000  0.000  0.000  0.000  0.000  0.000  0.000  0.000  0.000  0.000
 944.52 39.800  0.000  0.000  0.000  0.000  0.000  0.000  0.000  0.000  0.000  0.000  0.000  0.000  0.000
 945.01 39.800  0.000  0.000  0.000  0.000  0.000  0.000  0.000  0.000  0.000  0.000  0.000  0.000  0.000
 946.01 39.800  0.000  0.000  0.000  0.000  0.000  0.000  0.000  0.000  0.000  0.000  0.000  0.000  0.000
 947.01  5.200  0.000  0.000  0.000  0.000  0.000  0.000  0.000  0.000  0.000  0.000  0.000  0.000  0.000
 948.01  0.000  0.000  0.000  0.000  0.000  0.000  0.000  0.000  0.000  0.000  0.000  0.000  0.000  0.000
 949.01  0.000  0.000  0.000  0.000  0.000  0.000  0.000  0.000  0.000  0.000  0.000  0.000  0.000  0.000
 949.74  0.000  0.000  0.000  0.000  0.000  0.000  0.000  0.000  0.000  0.000  0.000  0.000  0.000  0.000
 950.01  7.200  0.000  0.000  0.000  0.000  0.000  0.000  0.000  0.000  0.000  0.000  0.000  0.000  0.000
 951.01  7.200  0.000  0.000  0.000  0.000  0.000  0.000  0.000  0.000  0.000  0.000  0.000  0.000  0.000
 952.01  7.200  0.000  0.000  0.000  0.000  0.000  0.000  0.000  0.000  0.000  0.000  0.000  0.000  0.000
 953.01  7.200  0.000  0.000  0.000  0.000  0.000  0.000  0.000  0.000  0.000  0.000  0.000  0.000  0.000
 954.01  7.200  0.000  0.000  0.000  0.000  0.000  0.000  0.000  0.000  0.000  0.000  0.000  0.000  0.000
 955.01  7.200  0.000  0.000  0.000  0.000  0.000  0.000  0.000  0.000  0.000  0.000  0.000  0.000  0.000
 956.01 15.900  0.000  0.000  0.000  0.000  0.000  0.000  0.000  0.000  0.000  0.000  0.000  0.000  0.000
 957.01 15.900  0.000  0.000  0.000  0.000  0.000  0.000  0.000  0.000  0.000  0.000  0.000  0.000  0.000
 958.01 15.900  0.000  0.000  0.000  0.000  0.000  0.000  0.000  0.000  0.000  0.000  0.000  0.000  0.000
 959.01 60.800  0.000  0.000  0.000  0.000  0.000  0.000  0.000  0.000  0.000  0.000  0.000  0.000  0.000
 960.01 60.800  0.000  0.000  0.000  0.000  0.000  0.000  0.000  0.000  0.000  0.000  0.000  0.000  0.000
 961.01 56.900  0.000  0.000  0.000  0.000  0.000  0.000  0.000  0.000  0.000  0.000  0.000  0.000  0.000
 962.01 56.900  0.000  0.000  0.000  0.000  0.000  0.000  0.000  0.000  0.000  0.000  0.000  0.000  0.000
 963.01 56.900  0.000  0.000  0.000  0.000  0.000  0.000  0.000  0.000  0.000  0.000  0.000  0.000  0.000
 964.01 56.900  0.000  0.000  0.000  0.000  0.000  0.000  0.000  0.000  0.000  0.000  0.000  0.000  0.000
 965.01 56.900  0.000  0.000  0.000  0.000  0.000  0.000  0.000  0.000  0.000  0.000  0.000  0.000  0.000
 966.01 63.400  0.000  0.000  0.000  0.000  0.000  0.000  0.000  0.000  0.000  0.000  0.000  0.000  0.000
 967.01 63.400  0.000  0.000  0.000  0.000  0.000  0.000  0.000  0.000  0.000  0.000  0.000  0.000  0.000
 968.01 63.400  0.000  0.000  0.000  0.000  0.000  0.000  0.000  0.000  0.000  0.000  0.000  0.000  0.000
 969.01 63.400  0.000  0.000  0.000  0.000  0.000  0.000  0.000  0.000  0.000  0.000  0.000  0.000  0.000
 970.01 63.400  0.000  0.000  0.000  0.000  0.000  0.000  0.000  0.000  0.000  0.000  0.000  0.000  0.000
 971.01 63.400  0.000  0.000  0.000  0.000  0.000  0.000  0.000  0.000  0.000  0.000  0.000  0.000  0.000
 972.01 68.100  0.000  0.000  0.000  0.000  0.000  0.000  0.000  0.000  0.000  0.000  0.000  0.000  0.000
 972.54 69.850  0.000  0.000  0.000  0.000  0.000  0.000  0.000  0.000  0.000  0.000  0.000  0.000  0.000
 973.01 68.100  0.000  0.000  0.000  0.000  0.000  0.000  0.000  0.000  0.000  0.000  0.000  0.000  0.000
 974.01  0.100  0.000  0.000  0.000  0.000  0.000  0.000  0.000  0.000  0.000  0.000  0.000  0.000  0.000
 975.01 68.100  0.000  0.000  0.000  0.000  0.000  0.000  0.000  0.000  0.000  0.000  0.000  0.000  0.000
 976.01 68.100  0.000  0.000  0.000  0.000  0.000  0.000  0.000  0.000  0.000  0.000  0.000  0.000  0.000
 977.01 68.100  0.000  0.000  0.000  0.000  0.000  0.000  0.000  0.000  0.000  0.000  0.000  0.000  0.000
 977.03  0.700  0.000  0.000  0.000  0.000  0.000  0.000  0.000  0.000  0.000  0.000  0.000  0.000  0.000
 978.01 68.100  0.000  0.000  0.000  0.000  0.000  0.000  0.000  0.000  0.000  0.000  0.000  0.000  0.000
 979.01 44.200  0.000  0.000  0.000  0.000  0.000  0.000  0.000  0.000  0.000  0.000  0.000  0.000  0.000
 980.01 44.200  0.000  0.000  0.000  0.000  0.000  0.000  0.000  0.000  0.000  0.000  0.000  0.000  0.000
 981.01 44.200  0.000  0.000  0.000  0.000  0.000  0.000  0.000  0.000  0.000  0.000  0.000  0.000  0.000
 982.01 44.200  0.000  0.000  0.000  0.000  0.000  0.000  0.000  0.000  0.000  0.000  0.000  0.000  0.000
 983.01 44.200  0.000  0.000  0.000  0.000  0.000  0.000  0.000  0.000  0.000  0.000  0.000  0.000  0.000
 984.01 44.200  0.000  0.000  0.000  0.000  0.000  0.000  0.000  0.000  0.000  0.000  0.000  0.000  0.000
 985.01 44.200  0.000  0.000  0.000  0.000  0.000  0.000  0.000  0.000  0.000  0.000  0.000  0.000  0.000
 986.01  0.000  0.000  0.000  0.000  0.000  0.000  0.000  0.000  0.000  0.000  0.000  0.000  0.000  0.000
 987.01  0.000  0.000  0.000  0.000  0.000  0.000  0.000  0.000  0.000  0.000  0.000  0.000  0.000  0.000
 988.01  0.000  0.000  0.000  0.000  0.000  0.000  0.000  0.000  0.000  0.000  0.000  0.000  0.000  0.000
 989.01  0.000  0.000  0.000  0.000  0.000  0.000  0.000  0.000  0.000  0.000  0.000  0.000  0.000  0.000
 989.79  0.000  0.000  0.000  0.000  0.000  0.000  0.000  0.000  0.000  0.000  0.000  0.000  0.000  0.000
 990.01  0.000  0.000  0.000  0.000  0.000  0.000  0.000  0.000  0.000  0.000  0.000  0.000  0.000  0.000
 991.01  0.000  0.000  0.000  0.000  0.000  0.000  0.000  0.000  0.000  0.000  0.000  0.000  0.000  0.000
 991.55  0.000  0.000  0.000  0.000  0.000  0.000  0.000  0.000  0.000  0.000  0.000  0.000  0.000  0.000
 992.01  0.000  0.000  0.000  0.000  0.000  0.000  0.000  0.000  0.000  0.000  0.000  0.000  0.000  0.000
 993.01  0.000  0.000  0.000  0.000  0.000  0.000  0.000  0.000  0.000  0.000  0.000  0.000  0.000  0.000
 994.01  0.000  0.000  0.000  0.000  0.000  0.000  0.000  0.000  0.000  0.000  0.000  0.000  0.000  0.000
 995.01  0.000  0.000  0.000  0.000  0.000  0.000  0.000  0.000  0.000  0.000  0.000  0.000  0.000  0.000
 996.01  0.000  0.000  0.000  0.000  0.000  0.000  0.000  0.000  0.000  0.000  0.000  0.000  0.000  0.000
 997.01  0.000  0.000  0.000  0.000  0.000  0.000  0.000  0.000  0.000  0.000  0.000  0.000  0.000  0.000
 998.01  0.000  0.000  0.000  0.000  0.000  0.000  0.000  0.000  0.000  0.000  0.000  0.000  0.000  0.000
 999.01  0.000  0.000  0.000  0.000  0.000  0.000  0.000  0.000  0.000  0.000  0.000  0.000  0.000  0.000
1000.01  0.000  0.000  0.000  0.000  0.000  0.000  0.000  0.000  0.000  0.000  0.000  0.000  0.000  0.000
1001.01  0.000  0.000  0.000  0.000  0.000  0.000  0.000  0.000  0.000  0.000  0.000  0.000  0.000  0.000
1002.01  0.000  0.000  0.000  0.000  0.000  0.000  0.000  0.000  0.000  0.000  0.000  0.000  0.000  0.000
1003.01  0.000  0.000  0.000  0.000  0.000  0.000  0.000  0.000  0.000  0.000  0.000  0.000  0.000  0.000
1004.01  0.000  0.000  0.000  0.000  0.000  0.000  0.000  0.000  0.000  0.000  0.000  0.000  0.000  0.000
1005.01  0.000  0.000  0.000  0.000  0.000  0.000  0.000  0.000  0.000  0.000  0.000  0.000  0.000  0.000
1006.01  0.000  0.000  0.000  0.000  0.000  0.000  0.000  0.000  0.000  0.000  0.000  0.000  0.000  0.000
1007.01  0.000  0.000  0.000  0.000  0.000  0.000  0.000  0.000  0.000  0.000  0.000  0.000  0.000  0.000
1008.01  0.000  0.000  0.000  0.000  0.000  0.000  0.000  0.000  0.000  0.000  0.000  0.000  0.000  0.000
1009.01  0.000  0.000  0.000  0.000  0.000  0.000  0.000  0.000  0.000  0.000  0.000  0.000  0.000  0.000
1010.01  0.000  0.000  0.000  0.000  0.000  0.000  0.000  0.000  0.000  0.000  0.000  0.000  0.000  0.000
1010.20  0.000  0.000  0.000  0.000  0.000  0.000  0.000  0.000  0.000  0.000  0.000  0.000  0.000  0.000
1011.01  0.000  0.000  0.000  0.000  0.000  0.000  0.000  0.000  0.000  0.000  0.000  0.000  0.000  0.000
1012.01  0.000  0.000  0.000  0.000  0.000  0.000  0.000  0.000  0.000  0.000  0.000  0.000  0.000  0.000
1013.01  0.000  0.000  0.000  0.000  0.000  0.000  0.000  0.000  0.000  0.000  0.000  0.000  0.000  0.000
1014.01  0.000  0.000  0.000  0.000  0.000  0.000  0.000  0.000  0.000  0.000  0.000  0.000  0.000  0.000
1015.01  0.000  0.000  0.000  0.000  0.000  0.000  0.000  0.000  0.000  0.000  0.000  0.000  0.000  0.000
1016.01  0.000  0.000  0.000  0.000  0.000  0.000  0.000  0.000  0.000  0.000  0.000  0.000  0.000  0.000
1017.01  0.000  0.000  0.000  0.000  0.000  0.000  0.000  0.000  0.000  0.000  0.000  0.000  0.000  0.000
1018.01  0.000  0.000  0.000  0.000  0.000  0.000  0.000  0.000  0.000  0.000  0.000  0.000  0.000  0.000
1019.01  0.000  0.000  0.000  0.000  0.000  0.000  0.000  0.000  0.000  0.000  0.000  0.000  0.000  0.000
1020.01  0.000  0.000  0.000  0.000  0.000  0.000  0.000  0.000  0.000  0.000  0.000  0.000  0.000  0.000
1021.01  0.000  0.000  0.000  0.000  0.000  0.000  0.000  0.000  0.000  0.000  0.000  0.000  0.000  0.000
1022.01  0.000  0.000  0.000  0.000  0.000  0.000  0.000  0.000  0.000  0.000  0.000  0.000  0.000  0.000
1023.01  0.000  0.000  0.000  0.000  0.000  0.000  0.000  0.000  0.000  0.000  0.000  0.000  0.000  0.000
1024.01  0.000  0.000  0.000  0.000  0.000  0.000  0.000  0.000  0.000  0.000  0.000  0.000  0.000  0.000
1025.01  0.000  0.000  0.000  0.000  0.000  0.000  0.000  0.000  0.000  0.000  0.000  0.000  0.000  0.000
1025.72  0.000  0.000  0.000  0.000  0.000  0.000  0.000  0.000  0.000  0.000  0.000  0.000  0.000  0.000
1026.01  0.000  0.000  0.000  0.000  0.000  0.000  0.000  0.000  0.000  0.000  0.000  0.000  0.000  0.000
1027.01  0.000  0.000  0.000  0.000  0.000  0.000  0.000  0.000  0.000  0.000  0.000  0.000  0.000  0.000
1028.01  0.000  0.000  0.000  0.000  0.000  0.000  0.000  0.000  0.000  0.000  0.000  0.000  0.000  0.000
1029.01  0.000  0.000  0.000  0.000  0.000  0.000  0.000  0.000  0.000  0.000  0.000  0.000  0.000  0.000
1030.01  0.000  0.000  0.000  0.000  0.000  0.000  0.000  0.000  0.000  0.000  0.000  0.000  0.000  0.000
1031.01  0.000  0.000  0.000  0.000  0.000  0.000  0.000  0.000  0.000  0.000  0.000  0.000  0.000  0.000
1031.91  0.000  0.000  0.000  0.000  0.000  0.000  0.000  0.000  0.000  0.000  0.000  0.000  0.000  0.000
1032.01  0.000  0.000  0.000  0.000  0.000  0.000  0.000  0.000  0.000  0.000  0.000  0.000  0.000  0.000
1033.01  0.000  0.000  0.000  0.000  0.000  0.000  0.000  0.000  0.000  0.000  0.000  0.000  0.000  0.000
1034.01  0.000  0.000  0.000  0.000  0.000  0.000  0.000  0.000  0.000  0.000  0.000  0.000  0.000  0.000
1035.01  0.000  0.000  0.000  0.000  0.000  0.000  0.000  0.000  0.000  0.000  0.000  0.000  0.000  0.000
1036.01  0.000  0.000  0.000  0.000  0.000  0.000  0.000  0.000  0.000  0.000  0.000  0.000  0.000  0.000
1036.34  0.000  0.000  0.000  0.000  0.000  0.000  0.000  0.000  0.000  0.000  0.000  0.000  0.000  0.000
1037.01  0.000  0.000  0.000  0.000  0.000  0.000  0.000  0.000  0.000  0.000  0.000  0.000  0.000  0.000
1037.02  0.000  0.000  0.000  0.000  0.000  0.000  0.000  0.000  0.000  0.000  0.000  0.000  0.000  0.000
1037.61  0.000  0.000  0.000  0.000  0.000  0.000  0.000  0.000  0.000  0.000  0.000  0.000  0.000  0.000
1038.01  0.000  0.000  0.000  0.000  0.000  0.000  0.000  0.000  0.000  0.000  0.000  0.000  0.000  0.000
1039.01  0.000  0.000  0.000  0.000  0.000  0.000  0.000  0.000  0.000  0.000  0.000  0.000  0.000  0.000
1040.01  0.000  0.000  0.000  0.000  0.000  0.000  0.000  0.000  0.000  0.000  0.000  0.000  0.000  0.000
1041.01  0.000  0.000  0.000  0.000  0.000  0.000  0.000  0.000  0.000  0.000  0.000  0.000  0.000  0.000
1042.01  0.000  0.000  0.000  0.000  0.000  0.000  0.000  0.000  0.000  0.000  0.000  0.000  0.000  0.000
1043.01  0.000  0.000  0.000  0.000  0.000  0.000  0.000  0.000  0.000  0.000  0.000  0.000  0.000  0.000
1044.01  0.000  0.000  0.000  0.000  0.000  0.000  0.000  0.000  0.000  0.000  0.000  0.000  0.000  0.000
1045.01  0.000  0.000  0.000  0.000  0.000  0.000  0.000  0.000  0.000  0.000  0.000  0.000  0.000  0.000
1046.01  0.000  0.000  0.000  0.000  0.000  0.000  0.000  0.000  0.000  0.000  0.000  0.000  0.000  0.000
1047.01  0.000  0.000  0.000  0.000  0.000  0.000  0.000  0.000  0.000  0.000  0.000  0.000  0.000  0.000
1048.01  0.000  0.000  0.000  0.000  0.000  0.000  0.000  0.000  0.000  0.000  0.000  0.000  0.000  0.000
1049.01  0.000  0.000  0.000  0.000  0.000  0.000  0.000  0.000  0.000  0.000  0.000  0.000  0.000  0.000
1050.01  0.000  0.000  0.000  0.000  0.000  0.000  0.000  0.000  0.000  0.000  0.000  0.000  0.000  0.000
