Photoabsorption and Partial Photoionization Cross Sections for Molecular Oxygen
   LAM     ABS    ION   FRAG    O2+    X      a+A     b       B   2pi+c  2sig   33 eV  2,4sig  K
   18.62  0.687  0.687  0.687  0.000  0.000  0.000  0.000  0.004  0.012  0.003  0.006  0.011  0.651
   18.97  0.720  0.720  0.719  0.001  0.000  0.000  0.000  0.004  0.013  0.003  0.006  0.011  0.682
   21.60  0.993  0.993  0.992  0.001  0.000  0.000  0.000  0.005  0.017  0.004  0.009  0.015  0.941
   21.80  1.014  1.014  1.013  0.001  0.000  0.000  0.000  0.005  0.018  0.005  0.009  0.015  0.961
   22.10  1.046  1.046  1.045  0.001  0.000  0.000  0.000  0.006  0.018  0.005  0.009  0.016  0.991
   28.47  0.103  0.103  0.100  0.003  0.001  0.001  0.001  0.010  0.034  0.009  0.017  0.030  0.000
   28.79  0.106  0.106  0.103  0.003  0.001  0.001  0.001  0.011  0.035  0.009  0.018  0.030  0.000
   29.52  0.113  0.113  0.109  0.004  0.001  0.001  0.001  0.011  0.037  0.010  0.019  0.032  0.000
   30.02  0.118  0.118  0.114  0.004  0.002  0.001  0.001  0.012  0.039  0.010  0.020  0.034  0.000
   30.43  0.122  0.122  0.118  0.004  0.002  0.001  0.001  0.012  0.040  0.010  0.021  0.035  0.000
   33.74  0.158  0.158  0.152  0.006  0.002  0.002  0.002  0.016  0.052  0.013  0.027  0.045  0.000
   40.95  0.257  0.257  0.242  0.014  0.006  0.005  0.004  0.025  0.082  0.021  0.042  0.072  0.000
   43.76  0.304  0.304  0.285  0.019  0.007  0.007  0.005  0.029  0.097  0.025  0.050  0.084  0.000
   44.02  0.309  0.309  0.289  0.019  0.008  0.007  0.005  0.030  0.098  0.025  0.051  0.086  0.000
   44.16  0.311  0.311  0.291  0.020  0.008  0.007  0.005  0.030  0.099  0.025  0.051  0.086  0.000
   45.66  0.338  0.338  0.315  0.023  0.009  0.008  0.006  0.032  0.107  0.028  0.055  0.093  0.000
   46.40  0.351  0.351  0.327  0.024  0.010  0.009  0.006  0.034  0.111  0.029  0.057  0.097  0.000
   46.67  0.356  0.356  0.332  0.025  0.010  0.009  0.006  0.034  0.112  0.029  0.058  0.098  0.000
   47.87  0.379  0.379  0.352  0.027  0.011  0.010  0.007  0.036  0.119  0.031  0.061  0.104  0.000
   49.22  0.406  0.406  0.375  0.031  0.012  0.011  0.008  0.038  0.127  0.033  0.066  0.111  0.000
   50.52  0.433  0.433  0.398  0.034  0.014  0.012  0.008  0.041  0.135  0.035  0.070  0.118  0.000
   50.69  0.436  0.436  0.401  0.035  0.014  0.012  0.009  0.041  0.136  0.035  0.070  0.119  0.000
   52.30  0.471  0.471  0.431  0.040  0.016  0.014  0.010  0.044  0.146  0.038  0.075  0.128  0.000
   52.91  0.484  0.484  0.443  0.042  0.017  0.015  0.010  0.045  0.150  0.039  0.077  0.131  0.000
   54.15  0.512  0.512  0.467  0.046  0.018  0.016  0.011  0.048  0.158  0.041  0.082  0.138  0.000
   54.42  0.519  0.519  0.472  0.047  0.019  0.017  0.012  0.048  0.160  0.041  0.082  0.140  0.000
   55.06  0.534  0.534  0.485  0.049  0.019  0.017  0.012  0.050  0.164  0.042  0.085  0.144  0.000
   55.34  0.540  0.540  0.490  0.050  0.020  0.018  0.012  0.050  0.166  0.043  0.086  0.145  0.000
   56.08  0.558  0.558  0.505  0.053  0.021  0.019  0.013  0.052  0.171  0.044  0.088  0.150  0.000
   56.92  0.579  0.579  0.522  0.056  0.022  0.020  0.014  0.054  0.177  0.046  0.091  0.155  0.000
   57.36  0.590  0.590  0.532  0.058  0.023  0.021  0.014  0.054  0.180  0.046  0.093  0.158  0.000
   57.56  0.595  0.595  0.536  0.059  0.023  0.021  0.015  0.055  0.182  0.047  0.094  0.159  0.000
   57.88  0.603  0.603  0.543  0.060  0.024  0.021  0.015  0.056  0.184  0.047  0.095  0.161  0.000
   58.96  0.630  0.630  0.565  0.065  0.026  0.023  0.016  0.058  0.192  0.049  0.099  0.168  0.000
   59.62  0.647  0.647  0.579  0.068  0.027  0.024  0.017  0.059  0.196  0.051  0.101  0.172  0.000
   60.30  0.664  0.664  0.593  0.071  0.028  0.025  0.018  0.061  0.201  0.052  0.104  0.176  0.000
   60.85  0.679  0.679  0.605  0.074  0.029  0.026  0.018  0.062  0.205  0.053  0.106  0.179  0.000
   61.07  0.685  0.685  0.609  0.075  0.030  0.027  0.019  0.062  0.207  0.053  0.106  0.181  0.000
   61.63  0.699  0.699  0.621  0.078  0.031  0.028  0.019  0.064  0.211  0.054  0.109  0.184  0.000
   61.90  0.707  0.707  0.627  0.079  0.032  0.028  0.020  0.064  0.213  0.055  0.110  0.186  0.000
   62.30  0.717  0.717  0.636  0.081  0.032  0.029  0.020  0.065  0.216  0.056  0.111  0.189  0.000
   62.35  0.719  0.719  0.637  0.082  0.032  0.029  0.020  0.065  0.216  0.056  0.111  0.189  0.000
   62.77  0.730  0.730  0.646  0.084  0.033  0.030  0.021  0.066  0.219  0.056  0.113  0.192  0.000
   63.16  0.741  0.741  0.655  0.086  0.034  0.031  0.021  0.067  0.222  0.057  0.114  0.194  0.000
   63.30  0.745  0.745  0.658  0.087  0.035  0.031  0.022  0.067  0.223  0.057  0.115  0.195  0.000
   63.65  0.754  0.754  0.666  0.089  0.035  0.032  0.022  0.068  0.226  0.058  0.116  0.197  0.000
   64.11  0.767  0.767  0.676  0.091  0.036  0.032  0.023  0.069  0.229  0.059  0.118  0.200  0.000
   64.60  0.782  0.782  0.687  0.094  0.038  0.034  0.023  0.070  0.233  0.060  0.120  0.204  0.000
   65.21  0.800  0.800  0.702  0.098  0.039  0.035  0.024  0.072  0.238  0.061  0.123  0.208  0.000
   65.71  0.816  0.816  0.715  0.101  0.040  0.036  0.025  0.073  0.242  0.062  0.125  0.212  0.000
   65.85  0.820  0.820  0.718  0.102  0.041  0.036  0.025  0.074  0.243  0.063  0.125  0.213  0.000
   66.26  0.833  0.833  0.728  0.105  0.042  0.037  0.026  0.075  0.247  0.064  0.127  0.216  0.000
   66.30  0.835  0.835  0.729  0.105  0.042  0.037  0.026  0.075  0.247  0.064  0.127  0.216  0.000
   66.37  0.837  0.837  0.731  0.106  0.042  0.038  0.026  0.075  0.248  0.064  0.128  0.217  0.000
   67.14  0.862  0.862  0.750  0.111  0.044  0.039  0.028  0.077  0.254  0.066  0.131  0.222  0.000
   67.35  0.868  0.868  0.756  0.113  0.045  0.040  0.028  0.077  0.256  0.066  0.132  0.224  0.000
   68.35  0.899  0.899  0.779  0.120  0.048  0.042  0.030  0.080  0.264  0.068  0.136  0.231  0.000
   69.65  0.939  0.939  0.810  0.129  0.051  0.046  0.032  0.083  0.275  0.071  0.141  0.240  0.000
   70.01  0.950  0.950  0.818  0.132  0.052  0.047  0.033  0.084  0.277  0.071  0.143  0.243  0.000
   70.54  0.967  0.967  0.831  0.136  0.054  0.048  0.034  0.085  0.282  0.073  0.145  0.246  0.000
   70.75  0.973  0.973  0.836  0.137  0.055  0.049  0.034  0.086  0.283  0.073  0.146  0.248  0.000
   71.01  0.982  0.982  0.842  0.139  0.055  0.049  0.035  0.086  0.286  0.074  0.147  0.250  0.000
   71.94  1.011  1.011  0.865  0.147  0.058  0.052  0.036  0.089  0.293  0.076  0.151  0.256  0.000
   72.31  1.024  1.024  0.874  0.150  0.060  0.053  0.037  0.090  0.296  0.076  0.153  0.259  0.000
   72.63  1.034  1.034  0.882  0.153  0.061  0.054  0.038  0.090  0.299  0.077  0.154  0.261  0.000
   72.80  1.040  1.040  0.886  0.154  0.061  0.055  0.038  0.091  0.300  0.077  0.155  0.263  0.000
   72.95  1.045  1.045  0.890  0.155  0.062  0.055  0.038  0.091  0.302  0.078  0.155  0.264  0.000
   73.47  1.063  1.063  0.903  0.160  0.064  0.057  0.040  0.093  0.306  0.079  0.158  0.268  0.000
   73.55  1.065  1.065  0.905  0.161  0.064  0.057  0.040  0.093  0.307  0.079  0.158  0.268  0.000
   74.21  1.088  1.088  0.922  0.167  0.066  0.059  0.041  0.094  0.312  0.080  0.161  0.273  0.000
   74.44  1.096  1.096  0.927  0.169  0.067  0.060  0.042  0.095  0.314  0.081  0.162  0.275  0.000
   74.83  1.110  1.110  0.937  0.172  0.069  0.061  0.043  0.096  0.318  0.082  0.164  0.278  0.000
   75.03  1.117  1.117  0.942  0.174  0.069  0.062  0.043  0.097  0.320  0.082  0.165  0.279  0.000
   75.29  1.126  1.126  0.949  0.177  0.070  0.063  0.044  0.097  0.322  0.083  0.166  0.281  0.000
   75.46  1.132  1.132  0.954  0.178  0.071  0.063  0.044  0.098  0.323  0.083  0.167  0.283  0.000
   75.73  1.141  1.141  0.960  0.181  0.072  0.064  0.045  0.098  0.326  0.084  0.168  0.285  0.000
   76.01  1.151  1.151  0.968  0.184  0.073  0.065  0.045  0.099  0.328  0.085  0.169  0.287  0.000
   76.48  1.168  1.168  0.980  0.188  0.075  0.067  0.047  0.100  0.332  0.086  0.171  0.290  0.000
   76.83  1.181  1.181  0.989  0.192  0.076  0.068  0.048  0.101  0.335  0.086  0.173  0.293  0.000
   76.94  1.185  1.185  0.992  0.193  0.077  0.069  0.048  0.102  0.336  0.087  0.173  0.294  0.000
   77.30  1.198  1.198  1.001  0.197  0.078  0.070  0.049  0.103  0.340  0.087  0.175  0.297  0.000
   77.74  1.214  1.214  1.013  0.201  0.080  0.071  0.050  0.104  0.343  0.088  0.177  0.300  0.000
   78.56  1.245  1.245  1.035  0.210  0.084  0.075  0.052  0.106  0.351  0.090  0.181  0.307  0.000
   78.70  1.250  1.250  1.038  0.212  0.084  0.075  0.052  0.106  0.352  0.091  0.181  0.308  0.000
   79.08  1.264  1.264  1.048  0.216  0.086  0.077  0.053  0.107  0.355  0.092  0.183  0.311  0.000
   79.48  1.279  1.279  1.059  0.220  0.088  0.078  0.055  0.109  0.359  0.093  0.185  0.314  0.000
   79.76  1.290  1.290  1.066  0.224  0.089  0.079  0.055  0.109  0.362  0.093  0.186  0.316  0.000
   80.01  1.300  1.300  1.073  0.226  0.090  0.080  0.056  0.110  0.364  0.094  0.187  0.318  0.000
   80.55  1.320  1.320  1.088  0.233  0.093  0.083  0.058  0.111  0.369  0.095  0.190  0.322  0.000
   82.43  1.392  1.392  1.137  0.255  0.101  0.091  0.063  0.116  0.385  0.099  0.199  0.337  0.000
   82.74  1.402  1.402  1.143  0.259  0.103  0.092  0.064  0.117  0.388  0.100  0.200  0.339  0.000
   82.84  1.405  1.405  1.145  0.260  0.103  0.092  0.064  0.117  0.388  0.100  0.200  0.340  0.000
   83.42  1.424  1.424  1.158  0.267  0.106  0.095  0.066  0.119  0.393  0.101  0.202  0.343  0.000
   83.67  1.434  1.434  1.164  0.270  0.107  0.096  0.067  0.119  0.395  0.102  0.203  0.345  0.000
   84.01  1.447  1.447  1.173  0.274  0.109  0.097  0.068  0.120  0.398  0.102  0.205  0.348  0.000
   86.77  1.558  1.558  1.246  0.312  0.124  0.111  0.077  0.128  0.423  0.109  0.218  0.369  0.000
   86.86  1.562  1.562  1.249  0.313  0.125  0.111  0.078  0.128  0.423  0.109  0.218  0.370  0.000
   86.98  1.567  1.567  1.252  0.315  0.125  0.112  0.078  0.128  0.424  0.109  0.219  0.371  0.000
   87.30  1.580  1.580  1.260  0.320  0.127  0.113  0.079  0.129  0.427  0.110  0.220  0.374  0.000
   87.61  1.593  1.593  1.269  0.324  0.129  0.115  0.080  0.130  0.430  0.111  0.222  0.376  0.000
   88.09  1.613  1.613  1.282  0.331  0.132  0.118  0.082  0.131  0.435  0.112  0.224  0.380  0.000
   88.11  1.614  1.614  1.282  0.332  0.132  0.118  0.082  0.131  0.435  0.112  0.224  0.380  0.000
   88.14  1.615  1.615  1.283  0.332  0.132  0.118  0.082  0.131  0.435  0.112  0.224  0.380  0.000
   88.42  1.627  1.627  1.290  0.336  0.134  0.119  0.083  0.132  0.438  0.113  0.225  0.382  0.000
   88.64  1.636  1.636  1.296  0.340  0.135  0.121  0.084  0.133  0.440  0.113  0.226  0.384  0.000
   88.90  1.647  1.647  1.303  0.344  0.137  0.122  0.085  0.134  0.442  0.114  0.228  0.386  0.000
   89.14  1.657  1.657  1.310  0.347  0.138  0.123  0.086  0.134  0.444  0.114  0.229  0.388  0.000
   89.70  1.681  1.681  1.325  0.356  0.142  0.126  0.088  0.136  0.449  0.116  0.231  0.393  0.000
   90.14  1.700  1.700  1.337  0.363  0.144  0.129  0.090  0.137  0.453  0.117  0.233  0.396  0.000
   90.45  1.713  1.713  1.345  0.368  0.146  0.131  0.091  0.138  0.456  0.117  0.235  0.399  0.000
   90.71  1.724  1.724  1.352  0.372  0.148  0.132  0.092  0.139  0.458  0.118  0.236  0.401  0.000
   91.01  1.737  1.737  1.360  0.377  0.150  0.134  0.093  0.139  0.461  0.119  0.238  0.403  0.000
   91.48  1.758  1.758  1.373  0.385  0.153  0.137  0.095  0.141  0.465  0.120  0.240  0.407  0.000
   91.69  1.767  1.767  1.378  0.389  0.155  0.138  0.096  0.141  0.467  0.120  0.241  0.409  0.000
   91.81  1.772  1.772  1.382  0.391  0.155  0.139  0.097  0.142  0.468  0.121  0.241  0.410  0.000
   92.09  1.785  1.785  1.389  0.396  0.157  0.140  0.098  0.142  0.471  0.121  0.243  0.412  0.000
   92.81  1.817  1.817  1.409  0.408  0.162  0.145  0.101  0.144  0.478  0.123  0.246  0.418  0.000
   93.61  1.853  1.853  1.430  0.422  0.168  0.150  0.105  0.147  0.485  0.125  0.250  0.424  0.000
   94.07  1.873  1.873  1.443  0.431  0.171  0.153  0.107  0.148  0.489  0.126  0.252  0.428  0.000
   94.25  1.881  1.881  1.448  0.434  0.172  0.154  0.107  0.148  0.491  0.126  0.253  0.429  0.000
   94.39  1.888  1.888  1.451  0.436  0.174  0.155  0.108  0.149  0.492  0.127  0.254  0.430  0.000
   94.90  1.911  1.911  1.465  0.446  0.177  0.158  0.110  0.150  0.497  0.128  0.256  0.434  0.000
   95.37  1.932  1.932  1.478  0.455  0.181  0.161  0.113  0.151  0.501  0.129  0.258  0.438  0.000
   95.51  1.939  1.939  1.481  0.457  0.182  0.162  0.113  0.152  0.502  0.129  0.259  0.439  0.000
   95.81  1.953  1.953  1.489  0.463  0.184  0.164  0.115  0.153  0.505  0.130  0.260  0.441  0.000
   96.05  1.964  1.964  1.496  0.468  0.186  0.166  0.116  0.153  0.507  0.131  0.261  0.443  0.000
   96.49  1.984  1.984  1.508  0.476  0.189  0.169  0.118  0.154  0.511  0.132  0.263  0.447  0.000
   96.83  2.000  2.000  1.517  0.483  0.192  0.171  0.120  0.155  0.514  0.132  0.265  0.450  0.000
   97.12  2.013  2.013  1.525  0.489  0.194  0.173  0.121  0.156  0.517  0.133  0.266  0.452  0.000
   97.51  2.032  2.032  1.535  0.497  0.197  0.176  0.123  0.157  0.521  0.134  0.268  0.455  0.000
   97.87  2.049  2.049  1.545  0.504  0.200  0.179  0.125  0.158  0.524  0.135  0.270  0.458  0.000
   98.12  2.061  2.061  1.552  0.509  0.202  0.181  0.126  0.159  0.526  0.136  0.271  0.460  0.000
   98.26  2.067  2.067  1.555  0.512  0.204  0.182  0.127  0.159  0.527  0.136  0.272  0.461  0.000
   98.50  2.079  2.079  1.562  0.517  0.206  0.183  0.128  0.160  0.530  0.136  0.273  0.463  0.000
   99.71  2.137  2.137  1.594  0.543  0.216  0.193  0.134  0.163  0.541  0.139  0.278  0.473  0.000
   99.99  2.151  2.151  1.602  0.549  0.218  0.195  0.136  0.164  0.543  0.140  0.280  0.475  0.000
  100.54  2.177  2.177  1.616  0.561  0.223  0.199  0.139  0.166  0.548  0.141  0.282  0.479  0.000
  103.01  2.300  2.300  1.683  0.618  0.246  0.219  0.153  0.172  0.570  0.147  0.294  0.499  0.000
  103.15  2.307  2.307  1.686  0.621  0.247  0.220  0.154  0.173  0.572  0.147  0.295  0.500  0.000
  103.58  2.329  2.329  1.698  0.631  0.251  0.224  0.156  0.174  0.576  0.148  0.297  0.503  0.000
  103.94  2.347  2.347  1.707  0.640  0.254  0.227  0.158  0.175  0.579  0.149  0.298  0.506  0.000
  105.23  2.414  2.414  1.742  0.672  0.267  0.239  0.166  0.178  0.590  0.152  0.304  0.516  0.000
  106.25  2.467  2.467  1.768  0.699  0.278  0.248  0.173  0.181  0.600  0.154  0.309  0.524  0.000
  108.05  2.563  2.563  1.816  0.747  0.297  0.265  0.185  0.186  0.616  0.159  0.317  0.538  0.000
  109.98  2.662  2.662  1.862  0.800  0.318  0.284  0.198  0.191  0.631  0.163  0.325  0.552  0.000
  110.56  2.691  2.691  1.875  0.816  0.324  0.289  0.202  0.192  0.636  0.164  0.328  0.556  0.000
  110.62  2.694  2.694  1.877  0.817  0.325  0.290  0.202  0.192  0.636  0.164  0.328  0.556  0.000
  110.76  2.701  2.701  1.880  0.821  0.327  0.291  0.203  0.193  0.637  0.164  0.328  0.557  0.000
  111.16  2.722  2.722  1.889  0.833  0.331  0.295  0.206  0.194  0.640  0.165  0.330  0.560  0.000
  111.25  2.726  2.726  1.891  0.835  0.332  0.296  0.207  0.194  0.641  0.165  0.330  0.561  0.000
  113.80  2.858  2.858  1.948  0.910  0.362  0.323  0.225  0.200  0.660  0.170  0.340  0.577  0.000
  114.09  2.873  2.873  1.954  0.919  0.365  0.326  0.228  0.200  0.663  0.171  0.341  0.579  0.000
  114.24  2.882  2.882  1.958  0.924  0.367  0.328  0.229  0.201  0.664  0.171  0.342  0.580  0.000
  115.39  2.946  2.946  1.985  0.961  0.382  0.341  0.238  0.203  0.673  0.173  0.347  0.588  0.000
  115.82  2.970  2.970  1.995  0.975  0.388  0.346  0.241  0.204  0.677  0.174  0.349  0.591  0.000
  116.75  3.023  3.023  2.017  1.006  0.400  0.357  0.249  0.207  0.684  0.176  0.352  0.598  0.000
  117.20  3.049  3.049  2.028  1.021  0.406  0.362  0.253  0.208  0.687  0.177  0.354  0.601  0.000
  120.40  3.235  3.235  2.100  1.135  0.451  0.403  0.281  0.215  0.712  0.183  0.367  0.623  0.000
  121.15  3.280  3.280  2.117  1.163  0.462  0.413  0.288  0.217  0.718  0.185  0.370  0.628  0.000
  121.79  3.318  3.318  2.131  1.187  0.472  0.421  0.294  0.218  0.723  0.186  0.372  0.632  0.000
  122.70  3.373  3.373  2.151  1.222  0.486  0.434  0.303  0.220  0.729  0.188  0.376  0.638  0.000
  123.50  3.421  3.421  2.168  1.253  0.498  0.445  0.310  0.222  0.735  0.189  0.379  0.643  0.000
  127.65  3.680  3.680  2.253  1.427  0.567  0.506  0.353  0.231  0.764  0.197  0.394  0.668  0.000
  129.87  3.822  3.822  2.296  1.526  0.607  0.542  0.378  0.235  0.778  0.201  0.401  0.681  0.000
  130.30  3.850  3.850  2.304  1.546  0.615  0.549  0.383  0.236  0.781  0.201  0.402  0.683  0.000
  131.02  3.897  3.897  2.316  1.581  0.628  0.561  0.391  0.237  0.785  0.202  0.405  0.687  0.000
  131.21  3.909  3.909  2.320  1.590  0.632  0.564  0.394  0.238  0.786  0.203  0.405  0.688  0.000
  136.21  4.240  4.240  2.396  1.843  0.733  0.654  0.456  0.246  0.812  0.209  0.419  0.710  0.000
  136.28  4.209  4.209  2.377  1.832  0.728  0.650  0.453  0.244  0.806  0.208  0.415  0.705  0.000
  136.34  4.213  4.213  2.378  1.835  0.730  0.651  0.454  0.244  0.806  0.208  0.415  0.705  0.000
  136.45  4.221  4.221  2.380  1.841  0.732  0.653  0.456  0.244  0.807  0.208  0.416  0.705  0.000
  136.48  4.223  4.223  2.380  1.843  0.733  0.654  0.456  0.244  0.807  0.208  0.416  0.706  0.000
  141.20  4.564  4.564  2.466  2.098  0.834  0.744  0.519  0.253  0.836  0.215  0.431  0.731  0.000
  144.27  4.793  4.793  2.553  2.239  0.890  0.795  0.554  0.262  0.866  0.223  0.446  0.757  0.000
  145.04  4.851  4.851  2.575  2.276  0.905  0.808  0.563  0.264  0.873  0.225  0.450  0.763  0.000
  148.40  5.086  5.086  2.658  2.427  0.965  0.861  0.601  0.272  0.901  0.232  0.464  0.788  0.000
  150.10  5.189  5.189  2.691  2.498  0.993  0.886  0.618  0.276  0.912  0.235  0.470  0.798  0.000
  152.15  5.315  5.315  2.735  2.579  1.025  0.915  0.639  0.280  0.927  0.239  0.478  0.811  0.000
  154.18  5.440  5.440  2.779  2.661  1.058  0.944  0.659  0.285  0.942  0.243  0.486  0.824  0.000
  157.73  5.664  5.664  2.856  2.808  1.116  0.996  0.695  0.293  0.968  0.249  0.499  0.847  0.000
  158.37  5.712  5.712  2.873  2.839  1.128  1.007  0.703  0.294  0.974  0.251  0.502  0.852  0.000
  159.98  5.834  5.834  2.917  2.917  1.159  1.035  0.722  0.299  0.989  0.255  0.510  0.865  0.000
  160.37  5.863  5.863  2.927  2.937  1.167  1.042  0.727  0.300  0.992  0.256  0.511  0.868  0.000
  162.01  5.989  5.989  2.966  3.022  1.202  1.073  0.748  0.304  1.006  0.259  0.518  0.879  0.000
  164.15  6.155  6.155  3.018  3.137  1.246  1.113  0.778  0.309  1.023  0.264  0.527  0.895  0.000
  167.50  6.395  6.395  3.087  3.309  1.304  1.182  0.823  0.352  1.059  0.249  0.499  0.928  0.000
  168.17  6.436  6.436  3.096  3.340  1.314  1.195  0.831  0.360  1.065  0.246  0.492  0.934  0.000
  168.55  6.459  6.459  3.102  3.357  1.319  1.202  0.836  0.364  1.068  0.244  0.489  0.937  0.000
  168.92  6.482  6.482  3.107  3.374  1.325  1.209  0.841  0.369  1.071  0.243  0.485  0.940  0.000
  169.70  6.529  6.529  3.118  3.411  1.337  1.224  0.850  0.378  1.078  0.239  0.477  0.946  0.000
  171.08  6.614  6.614  3.131  3.483  1.360  1.253  0.869  0.394  1.087  0.231  0.463  0.955  0.000
  172.17  6.681  6.681  3.140  3.541  1.379  1.277  0.885  0.407  1.094  0.226  0.451  0.962  0.000
  173.08  6.737  6.737  3.146  3.591  1.395  1.298  0.898  0.417  1.100  0.221  0.441  0.968  0.000
  174.58  6.831  6.831  3.157  3.674  1.422  1.332  0.920  0.434  1.109  0.212  0.425  0.977  0.000
  175.26  6.873  6.873  3.162  3.711  1.434  1.347  0.930  0.442  1.113  0.209  0.417  0.981  0.000
  177.24  6.996  6.996  3.174  3.823  1.472  1.392  0.959  0.464  1.123  0.198  0.398  0.990  0.000
  178.05  7.045  7.045  3.178  3.868  1.502  1.401  0.965  0.470  1.121  0.199  0.404  0.983  0.000
  179.27  7.119  7.119  3.183  3.936  1.546  1.416  0.974  0.480  1.117  0.201  0.413  0.973  0.000
  179.75  7.149  7.149  3.185  3.964  1.564  1.422  0.977  0.483  1.116  0.202  0.416  0.968  0.000
  180.41  7.189  7.189  3.195  3.994  1.587  1.428  0.980  0.489  1.116  0.203  0.422  0.964  0.000
  181.14  7.234  7.234  3.209  4.024  1.610  1.432  0.983  0.497  1.118  0.204  0.429  0.961  0.000
  182.17  7.297  7.297  3.231  4.066  1.642  1.438  0.986  0.508  1.120  0.207  0.439  0.957  0.000
  183.45  7.376  7.376  3.257  4.119  1.684  1.446  0.990  0.522  1.123  0.210  0.452  0.951  0.000
  184.53  7.442  7.442  3.279  4.164  1.719  1.452  0.993  0.534  1.125  0.212  0.463  0.945  0.000
  184.80  7.459  7.459  3.284  4.175  1.728  1.454  0.993  0.537  1.126  0.213  0.466  0.944  0.000
  185.21  7.484  7.484  3.293  4.192  1.741  1.456  0.995  0.541  1.126  0.214  0.470  0.941  0.000
  186.60  7.571  7.571  3.321  4.250  1.788  1.464  0.998  0.557  1.129  0.217  0.484  0.934  0.000
  186.87  7.587  7.587  3.326  4.261  1.797  1.465  0.999  0.560  1.129  0.218  0.487  0.932  0.000
  187.95  7.655  7.655  3.348  4.306  1.834  1.471  1.002  0.572  1.131  0.220  0.499  0.926  0.000
  188.23  7.672  7.672  3.354  4.318  1.843  1.472  1.002  0.576  1.132  0.221  0.502  0.924  0.000
  188.31  7.677  7.677  3.356  4.322  1.846  1.473  1.002  0.577  1.132  0.221  0.503  0.924  0.000
  190.02  7.787  7.787  3.392  4.395  1.906  1.482  1.007  0.597  1.134  0.225  0.522  0.913  0.000
  191.04  7.857  7.857  3.414  4.443  1.938  1.492  1.013  0.607  1.140  0.228  0.529  0.909  0.000
  191.34  7.877  7.877  3.420  4.457  1.943  1.498  1.016  0.608  1.145  0.229  0.528  0.910  0.000
  192.40  7.951  7.951  3.444  4.507  1.962  1.517  1.028  0.611  1.162  0.232  0.526  0.913  0.000
  192.82  7.980  7.980  3.453  4.527  1.969  1.525  1.033  0.613  1.168  0.234  0.525  0.914  0.000
  193.52  8.028  8.028  3.468  4.560  1.982  1.538  1.040  0.615  1.179  0.236  0.523  0.916  0.000
  195.13  8.141  8.141  3.504  4.637  2.010  1.568  1.059  0.620  1.205  0.241  0.518  0.919  0.000
  196.52  8.238  8.238  3.534  4.704  2.035  1.594  1.075  0.625  1.228  0.246  0.513  0.922  0.000
  196.65  8.247  8.247  3.537  4.710  2.038  1.597  1.076  0.625  1.230  0.246  0.513  0.923  0.000
  197.44  8.303  8.303  3.554  4.749  2.052  1.612  1.085  0.628  1.243  0.249  0.510  0.924  0.000
  198.58  8.383  8.383  3.579  4.804  2.072  1.633  1.099  0.632  1.262  0.252  0.506  0.927  0.000
  200.02  8.486  8.486  3.610  4.875  2.098  1.661  1.116  0.636  1.287  0.257  0.500  0.929  0.000
  201.13  8.565  8.565  3.629  4.936  2.121  1.685  1.130  0.639  1.305  0.261  0.495  0.930  0.000
  202.05  8.631  8.631  3.644  4.987  2.140  1.704  1.142  0.641  1.319  0.264  0.490  0.930  0.000
  202.64  8.673  8.673  3.654  5.019  2.152  1.717  1.150  0.642  1.329  0.266  0.487  0.930  0.000
  203.81  8.757  8.757  3.673  5.084  2.176  1.743  1.165  0.645  1.348  0.270  0.481  0.930  0.000
  204.25  8.789  8.789  3.680  5.109  2.185  1.752  1.171  0.646  1.355  0.271  0.478  0.930  0.000
  204.94  8.842  8.842  3.693  5.150  2.200  1.768  1.181  0.647  1.367  0.273  0.475  0.930  0.000
  206.26  8.954  8.954  3.720  5.233  2.232  1.801  1.201  0.651  1.391  0.278  0.468  0.932  0.000
  206.38  8.964  8.964  3.723  5.241  2.235  1.804  1.203  0.652  1.394  0.279  0.467  0.932  0.000
  207.46  9.056  9.056  3.746  5.310  2.263  1.829  1.218  0.671  1.391  0.283  0.460  0.942  0.000
  208.33  9.130  9.130  3.764  5.366  2.287  1.849  1.230  0.690  1.383  0.286  0.453  0.952  0.000
  209.63  9.242  9.242  3.791  5.451  2.323  1.879  1.249  0.719  1.370  0.290  0.443  0.968  0.000
  209.78  9.255  9.255  3.794  5.461  2.328  1.883  1.251  0.722  1.369  0.291  0.442  0.970  0.000
  211.32  9.388  9.388  3.838  5.550  2.365  1.915  1.270  0.760  1.357  0.298  0.431  0.992  0.000
  212.14  9.459  9.459  3.863  5.596  2.385  1.931  1.280  0.781  1.351  0.301  0.424  1.005  0.000
  213.78  9.603  9.603  3.912  5.690  2.426  1.965  1.300  0.822  1.338  0.310  0.413  1.029  0.000
  214.75  9.688  9.688  3.942  5.746  2.459  1.980  1.308  0.799  1.348  0.332  0.433  1.030  0.000
  215.16  9.724  9.724  3.954  5.770  2.473  1.986  1.311  0.790  1.352  0.341  0.442  1.030  0.000
  216.88  9.903  9.903  4.017  5.886  2.539  2.018  1.330  0.753  1.372  0.379  0.479  1.034  0.000
  218.19 10.043 10.043  4.066  5.976  2.590  2.042  1.344  0.727  1.388  0.408  0.506  1.037  0.000
  219.13 10.144 10.144  4.102  6.042  2.628  2.060  1.354  0.708  1.400  0.428  0.526  1.040  0.000
  220.08 10.246 10.246  4.137  6.109  2.667  2.078  1.365  0.690  1.411  0.449  0.545  1.042  0.000
  221.44 10.394 10.394  4.176  6.218  2.726  2.109  1.383  0.666  1.427  0.473  0.569  1.041  0.000
  221.82 10.435 10.435  4.187  6.249  2.730  2.126  1.393  0.675  1.450  0.468  0.569  1.026  0.000
  224.74 10.730 10.730  4.259  6.472  2.754  2.249  1.469  0.745  1.632  0.420  0.562  0.900  0.000
  225.12 10.761 10.761  4.265  6.496  2.755  2.264  1.478  0.754  1.655  0.413  0.561  0.881  0.000
  227.01 10.914 10.914  4.295  6.619  2.758  2.338  1.523  0.800  1.777  0.378  0.553  0.788  0.000
  227.19 10.929 10.929  4.298  6.631  2.759  2.345  1.527  0.805  1.788  0.374  0.552  0.778  0.000
  227.47 10.952 10.952  4.303  6.649  2.759  2.356  1.534  0.812  1.807  0.368  0.551  0.764  0.000
  228.70 11.052 11.052  4.322  6.730  2.760  2.405  1.564  0.844  1.890  0.344  0.546  0.698  0.000
  230.65 11.212 11.212  4.359  6.854  2.790  2.464  1.599  0.888  1.901  0.341  0.546  0.682  0.000
  231.55 11.286 11.286  4.380  6.906  2.814  2.483  1.609  0.906  1.859  0.355  0.551  0.710  0.000
  232.60 11.373 11.373  4.406  6.967  2.841  2.504  1.622  0.927  1.809  0.371  0.555  0.743  0.000
  233.84 11.476 11.476  4.436  7.040  2.874  2.530  1.636  0.952  1.749  0.391  0.561  0.782  0.000
  234.38 11.521 11.521  4.449  7.072  2.888  2.541  1.642  0.963  1.723  0.400  0.564  0.799  0.000
  237.12 11.760 11.760  4.519  7.240  2.964  2.601  1.675  1.022  1.585  0.445  0.577  0.890  0.000
  237.20 11.768 11.768  4.522  7.246  2.967  2.603  1.677  1.024  1.581  0.446  0.578  0.893  0.000
  237.33 11.782 11.782  4.526  7.256  2.971  2.606  1.679  1.027  1.574  0.449  0.578  0.897  0.000
  239.87 12.053 12.053  4.610  7.443  3.116  2.635  1.693  0.991  1.609  0.455  0.609  0.946  0.000
  240.71 12.143 12.143  4.630  7.513  3.183  2.638  1.693  0.954  1.658  0.446  0.622  0.950  0.000
  241.74 12.254 12.254  4.653  7.601  3.266  2.642  1.693  0.907  1.718  0.435  0.638  0.954  0.000
  243.03 12.395 12.395  4.682  7.713  3.374  2.646  1.693  0.847  1.794  0.422  0.658  0.960  0.000
  243.78 12.476 12.476  4.698  7.778  3.437  2.648  1.693  0.813  1.838  0.414  0.670  0.964  0.000
  244.92 12.601 12.601  4.724  7.878  3.534  2.650  1.693  0.759  1.906  0.402  0.688  0.969  0.000
  245.94 12.692 12.692  4.738  7.954  3.617  2.648  1.689  0.709  1.963  0.390  0.703  0.972  0.000
  246.21 12.714 12.714  4.741  7.973  3.638  2.647  1.688  0.696  1.978  0.387  0.707  0.973  0.000
  246.91 12.771 12.771  4.749  8.022  3.694  2.643  1.684  0.661  2.017  0.378  0.717  0.974  0.000
  247.18 12.793 12.793  4.752  8.041  3.716  2.642  1.683  0.648  2.032  0.375  0.721  0.975  0.000
  249.18 12.956 12.956  4.773  8.183  3.788  2.687  1.707  0.660  2.064  0.369  0.709  0.970  0.000
  251.10 13.113 13.113  4.815  8.298  3.793  2.757  1.748  0.742  2.055  0.376  0.676  0.965  0.000
  251.95 13.183 13.183  4.840  8.342  3.792  2.786  1.764  0.781  2.054  0.380  0.661  0.964  0.000
  252.19 13.202 13.202  4.848  8.355  3.792  2.794  1.769  0.792  2.054  0.381  0.657  0.964  0.000
  253.78 13.334 13.334  4.896  8.438  3.789  2.848  1.800  0.866  2.052  0.388  0.630  0.961  0.000
  256.32 13.544 13.544  4.973  8.571  3.783  2.937  1.851  0.989  2.046  0.399  0.582  0.956  0.000
  256.38 13.549 13.549  4.975  8.574  3.783  2.939  1.852  0.992  2.046  0.399  0.581  0.956  0.000
  256.64 13.570 13.570  4.983  8.588  3.782  2.948  1.858  1.005  2.045  0.401  0.576  0.956  0.000
  256.92 13.594 13.594  4.991  8.603  3.781  2.958  1.863  1.019  2.044  0.402  0.571  0.955  0.000
  257.16 13.614 13.614  4.998  8.615  3.781  2.967  1.868  1.031  2.044  0.403  0.566  0.955  0.000
  257.39 13.633 13.633  5.005  8.627  3.780  2.975  1.873  1.043  2.043  0.404  0.562  0.954  0.000
  258.36 13.722 13.722  5.038  8.684  3.784  3.008  1.892  1.089  2.039  0.408  0.547  0.954  0.000
  259.52 13.845 13.845  5.083  8.762  3.855  3.014  1.893  1.099  2.015  0.412  0.580  0.977  0.000
  261.05 14.009 14.009  5.163  8.846  3.941  3.014  1.890  1.116  1.989  0.419  0.627  1.011  0.000
  262.99 14.218 14.218  5.276  8.942  4.047  3.011  1.884  1.141  1.959  0.428  0.690  1.058  0.000
  264.24 14.353 14.353  5.349  9.004  4.116  3.008  1.880  1.157  1.938  0.434  0.732  1.089  0.000
  264.80 14.414 14.414  5.383  9.032  4.147  3.007  1.878  1.164  1.928  0.436  0.751  1.103  0.000
  270.51 14.849 14.849  5.641  9.208  4.375  2.983  1.850  1.193  1.846  0.461  0.923  1.218  0.000
  271.99 14.940 14.940  5.670  9.270  4.389  3.015  1.867  1.158  1.880  0.470  0.940  1.222  0.000
  272.64 14.980 14.980  5.682  9.298  4.395  3.029  1.874  1.142  1.895  0.474  0.948  1.223  0.000
  274.19 15.075 15.075  5.712  9.363  4.410  3.062  1.891  1.103  1.933  0.483  0.966  1.227  0.000
  275.35 15.147 15.147  5.735  9.412  4.421  3.087  1.904  1.073  1.961  0.490  0.981  1.229  0.000
  275.67 15.167 15.167  5.741  9.426  4.424  3.094  1.908  1.065  1.969  0.492  0.985  1.230  0.000
  276.15 15.196 15.196  5.750  9.446  4.429  3.104  1.913  1.052  1.981  0.495  0.991  1.231  0.000
  276.84 15.239 15.239  5.764  9.475  4.435  3.119  1.921  1.033  1.999  0.500  0.999  1.233  0.000
  277.01 15.249 15.249  5.767  9.482  4.437  3.123  1.923  1.028  2.003  0.501  1.002  1.233  0.000
  277.27 15.265 15.265  5.772  9.493  4.439  3.129  1.925  1.021  2.010  0.502  1.005  1.234  0.000
  278.40 15.335 15.335  5.794  9.541  4.450  3.153  1.938  0.989  2.039  0.510  1.020  1.236  0.000
  281.41 15.521 15.521  5.837  9.684  4.484  3.224  1.975  0.896  2.116  0.529  1.058  1.239  0.000
  284.15 15.690 15.690  5.860  9.830  4.585  3.256  1.988  0.962  2.148  0.553  1.043  1.154  0.000
  285.70 15.785 15.785  5.873  9.912  4.648  3.270  1.994  1.011  2.163  0.566  1.031  1.102  0.000
  289.17 15.999 15.999  5.900 10.098  4.791  3.302  2.005  1.116  2.196  0.595  1.005  0.988  0.000
  290.69 16.092 16.092  5.914 10.178  4.853  3.315  2.010  1.161  2.211  0.608  0.995  0.940  0.000
  291.70 16.155 16.155  5.924 10.230  4.894  3.324  2.012  1.190  2.221  0.616  0.988  0.909  0.000
  292.78 16.221 16.221  5.935 10.286  4.938  3.332  2.015  1.221  2.232  0.625  0.981  0.876  0.000
  296.19 16.432 16.432  5.970 10.462  5.052  3.376  2.034  1.273  2.245  0.648  0.972  0.833  0.000
  299.50 16.510 16.510  5.957 10.553  5.062  3.432  2.059  1.211  2.193  0.655  0.982  0.917  0.000
  303.31 16.607 16.607  5.874 10.734  5.103  3.525  2.106  1.175  2.182  0.650  0.986  0.881  0.000
  303.78 16.636 16.636  5.868 10.769  5.111  3.542  2.115  1.190  2.211  0.648  0.989  0.829  0.000
  315.02 16.982 16.982  5.608 11.374  5.387  3.766  2.220  1.402  2.666  0.601  0.939  0.000  0.000
  316.20 17.003 17.003  5.576 11.427  5.436  3.771  2.220  1.394  2.665  0.597  0.919  0.000  0.000
  319.01 17.052 17.052  5.499 11.553  5.552  3.782  2.219  1.375  2.662  0.589  0.873  0.000  0.000
  319.83 17.066 17.066  5.476 11.590  5.587  3.785  2.219  1.369  2.661  0.587  0.859  0.000  0.000
  320.56 17.079 17.079  5.456 11.623  5.617  3.787  2.219  1.364  2.660  0.585  0.847  0.000  0.000
  335.41 17.415 17.415  5.060 12.355  6.136  3.947  2.272  1.144  2.675  0.573  0.668  0.000  0.000
  345.13 17.624 17.624  4.913 12.711  6.358  4.048  2.304  0.992  2.755  0.598  0.568  0.000  0.000
  345.74 17.636 17.636  4.910 12.727  6.369  4.053  2.305  0.998  2.757  0.604  0.551  0.000  0.000
  347.39 17.670 17.670  4.901 12.769  6.397  4.065  2.308  1.015  2.761  0.621  0.503  0.000  0.000
  349.85 17.720 17.720  4.887 12.833  6.439  4.083  2.311  1.042  2.767  0.646  0.432  0.000  0.000
  356.01 17.930 17.930  4.786 13.144  6.621  4.176  2.347  1.092  2.743  0.700  0.250  0.000  0.000
  360.80 18.127 18.127  4.711 13.415  6.778  4.257  2.380  1.132  2.727  0.742  0.110  0.000  0.000
  364.48 18.278 18.278  4.650 13.627  6.902  4.321  2.405  1.161  2.712  0.773  0.004  0.000  0.000
  368.07 18.403 18.403  4.584 13.820  7.084  4.334  2.402  1.160  2.583  0.840  0.000  0.000  0.000
  399.82 19.534 19.534  4.778 14.756  8.215  4.264  2.277  1.110  2.559  1.110  0.000  0.000  0.000
  401.14 19.583 19.583  4.779 14.804  8.257  4.270  2.276  1.091  2.597  1.091  0.000  0.000  0.000
  401.94 19.612 19.612  4.780 14.833  8.283  4.274  2.276  1.080  2.620  1.080  0.000  0.000  0.000
  403.26 19.661 19.661  4.781 14.880  8.326  4.279  2.276  1.061  2.658  1.061  0.000  0.000  0.000
  417.24 20.162 20.162  4.773 15.390  8.471  4.544  2.375  0.938  2.949  0.885  0.000  0.000  0.000
  430.47 20.489 20.489  4.820 15.669  7.958  5.091  2.620  1.027  3.063  0.730  0.000  0.000  0.000
  436.70 20.642 20.642  4.761 15.881  8.106  5.146  2.629  1.062  3.129  0.569  0.000  0.000  0.000
  453.01 21.261 21.261  4.796 16.464  8.512  5.298  2.654  1.201  3.435  0.160  0.000  0.000  0.000
  454.01 21.299 21.299  4.809 16.490  8.532  5.304  2.654  1.212  3.462  0.135  0.000  0.000  0.000
  455.01 21.341 21.341  4.822 16.518  8.553  5.311  2.654  1.224  3.489  0.109  0.000  0.000  0.000
  456.01 21.385 21.385  4.836 16.549  8.576  5.319  2.654  1.235  3.518  0.083  0.000  0.000  0.000
  457.01 21.429 21.429  4.850 16.579  8.598  5.326  2.655  1.247  3.546  0.057  0.000  0.000  0.000
  458.01 21.473 21.473  4.864 16.609  8.620  5.333  2.655  1.259  3.574  0.030  0.000  0.000  0.000
  459.01 21.517 21.517  4.878 16.639  8.643  5.341  2.655  1.271  3.603  0.004  0.000  0.000  0.000
  460.01 21.561 21.561  4.892 16.669  8.633  5.370  2.666  1.295  3.597  0.000  0.000  0.000  0.000
  461.01 21.605 21.605  4.896 16.708  8.623  5.405  2.680  1.318  3.578  0.000  0.000  0.000  0.000
  462.01 21.649 21.649  4.901 16.748  8.613  5.440  2.694  1.341  3.560  0.000  0.000  0.000  0.000
  463.01 21.693 21.693  4.906 16.787  8.603  5.476  2.708  1.365  3.540  0.000  0.000  0.000  0.000
  464.01 21.737 21.737  4.911 16.826  8.593  5.511  2.722  1.390  3.521  0.000  0.000  0.000  0.000
  465.01 21.781 21.781  4.915 16.865  8.582  5.547  2.736  1.414  3.501  0.000  0.000  0.000  0.000
  465.22 21.790 21.790  4.916 16.874  8.580  5.554  2.739  1.420  3.497  0.000  0.000  0.000  0.000
  466.01 21.825 21.825  4.920 16.905  8.572  5.583  2.751  1.440  3.481  0.000  0.000  0.000  0.000
  467.01 21.869 21.869  4.925 16.944  8.561  5.618  2.765  1.465  3.460  0.000  0.000  0.000  0.000
  468.01 21.913 21.913  4.930 16.983  8.550  5.654  2.779  1.491  3.438  0.000  0.000  0.000  0.000
  469.01 21.957 21.957  4.934 17.023  8.539  5.690  2.793  1.518  3.417  0.000  0.000  0.000  0.000
  470.01 22.000 22.000  4.939 17.061  8.527  5.726  2.807  1.544  3.395  0.000  0.000  0.000  0.000
  471.01 22.043 22.043  4.968 17.075  8.504  5.754  2.818  1.580  3.389  0.000  0.000  0.000  0.000
  472.01 22.087 22.087  4.997 17.089  8.480  5.782  2.828  1.615  3.382  0.000  0.000  0.000  0.000
  473.01 22.130 22.130  5.026 17.104  8.456  5.810  2.838  1.652  3.374  0.000  0.000  0.000  0.000
  474.01 22.173 22.173  5.055 17.118  8.432  5.838  2.848  1.689  3.366  0.000  0.000  0.000  0.000
  475.01 22.216 22.216  5.085 17.132  8.407  5.866  2.858  1.727  3.357  0.000  0.000  0.000  0.000
  476.01 22.259 22.259  5.114 17.146  8.383  5.894  2.869  1.766  3.347  0.000  0.000  0.000  0.000
  477.01 22.303 22.303  5.143 17.160  8.362  5.920  2.878  1.802  3.341  0.000  0.000  0.000  0.000
  478.01 22.346 22.346  5.172 17.174  8.351  5.939  2.883  1.821  3.351  0.000  0.000  0.000  0.000
  479.01 22.389 22.389  5.201 17.188  8.341  5.958  2.889  1.840  3.361  0.000  0.000  0.000  0.000
  480.01 22.432 22.432  5.230 17.202  8.331  5.977  2.894  1.859  3.371  0.000  0.000  0.000  0.000
  481.01 22.475 22.475  5.233 17.242  8.333  6.005  2.904  1.869  3.365  0.000  0.000  0.000  0.000
  482.01 22.518 22.518  5.236 17.282  8.335  6.033  2.914  1.879  3.358  0.000  0.000  0.000  0.000
  483.01 22.561 22.561  5.239 17.322  8.337  6.061  2.924  1.888  3.351  0.000  0.000  0.000  0.000
  484.01 22.604 22.604  5.243 17.362  8.338  6.090  2.934  1.898  3.344  0.000  0.000  0.000  0.000
  485.01 22.648 22.648  5.246 17.402  8.340  6.118  2.944  1.908  3.338  0.000  0.000  0.000  0.000
  486.01 22.691 22.691  5.249 17.442  8.342  6.146  2.954  1.917  3.331  0.000  0.000  0.000  0.000
  487.01 22.734 22.734  5.252 17.482  8.343  6.175  2.964  1.927  3.325  0.000  0.000  0.000  0.000
  488.01 22.777 22.777  5.255 17.522  8.345  6.203  2.974  1.937  3.318  0.000  0.000  0.000  0.000
  489.01 22.820 22.820  5.258 17.562  8.346  6.232  2.984  1.946  3.312  0.000  0.000  0.000  0.000
  489.50 22.841 22.841  5.259 17.582  8.347  6.246  2.989  1.951  3.308  0.000  0.000  0.000  0.000
  490.01 22.863 22.863  5.261 17.602  8.348  6.261  2.994  1.956  3.305  0.000  0.000  0.000  0.000
  491.01 22.907 22.907  5.279 17.628  8.342  6.284  3.001  1.971  3.308  0.000  0.000  0.000  0.000
  492.01 22.953 22.953  5.297 17.656  8.338  6.309  3.009  1.986  3.311  0.000  0.000  0.000  0.000
  493.01 22.999 22.999  5.315 17.684  8.333  6.333  3.017  2.001  3.314  0.000  0.000  0.000  0.000
  494.01 23.046 23.046  5.333 17.712  8.329  6.358  3.025  2.016  3.317  0.000  0.000  0.000  0.000
  495.01 23.092 23.092  5.352 17.740  8.324  6.383  3.033  2.031  3.320  0.000  0.000  0.000  0.000
  496.01 23.138 23.138  5.370 17.768  8.318  6.408  3.042  2.055  3.315  0.000  0.000  0.000  0.000
  497.01 23.184 23.184  5.388 17.796  8.301  6.441  3.053  2.131  3.257  0.000  0.000  0.000  0.000
  498.01 23.230 23.230  5.406 17.824  8.284  6.475  3.065  2.209  3.197  0.000  0.000  0.000  0.000
  499.01 23.277 23.277  5.425 17.852  8.267  6.508  3.077  2.289  3.136  0.000  0.000  0.000  0.000
  499.37 23.293 23.293  5.431 17.862  8.261  6.520  3.081  2.318  3.113  0.000  0.000  0.000  0.000
  500.01 23.323 23.323  5.443 17.880  8.250  6.541  3.088  2.371  3.072  0.000  0.000  0.000  0.000
  501.01 23.369 23.369  5.446 17.923  8.240  6.580  3.103  2.448  2.998  0.000  0.000  0.000  0.000
  502.01 23.415 23.415  5.449 17.966  8.230  6.619  3.117  2.527  2.923  0.000  0.000  0.000  0.000
  503.01 23.462 23.462  5.452 18.009  8.220  6.658  3.131  2.607  2.846  0.000  0.000  0.000  0.000
  504.01 23.508 23.508  5.455 18.052  8.209  6.698  3.146  2.689  2.767  0.000  0.000  0.000  0.000
  507.93 23.690 23.690  5.467 18.222  8.166  6.853  3.203  3.026  2.441  0.000  0.000  0.000  0.000
  515.60 24.094 24.094  5.426 18.668  8.126  7.206  3.336  3.732  1.694  0.000  0.000  0.000  0.000
  520.66 24.362 24.362  5.355 19.007  8.191  7.363  3.453  3.938  1.417  0.000  0.000  0.000  0.000
  525.80 24.607 24.607  5.111 19.496  8.334  7.557  3.605  3.951  1.160  0.000  0.000  0.000  0.000
  537.02 25.101 25.101  4.723 20.378  8.558  7.909  3.912  4.058  0.665  0.000  0.000  0.000  0.000
  542.80 25.399 25.399  4.378 21.022  8.658  7.886  4.478  3.897  0.481  0.000  0.000  0.000  0.000
  550.01 25.780 25.780  4.394 21.386  8.533  7.494  5.359  4.054  0.341  0.000  0.000  0.000  0.000
  554.37 25.947 25.947  4.424 21.524  8.421  7.220  5.883  4.179  0.244  0.000  0.000  0.000  0.000
  558.60 26.013 26.013  4.502 21.511  8.254  6.903  6.353  4.361  0.141  0.000  0.000  0.000  0.000
  562.80 26.053 26.053  4.498 21.554  8.110  6.606  6.838  4.477  0.021  0.000  0.000  0.000  0.000
  568.50 25.928 25.928  4.463 21.465  7.853  6.750  6.862  4.463  0.000  0.000  0.000  0.000  0.000
  572.30 25.746 25.746  4.422 21.324  7.653  6.874  6.797  4.422  0.000  0.000  0.000  0.000  0.000
  580.40 24.482 24.482  4.186 20.296  6.983  6.884  6.429  4.186  0.000  0.000  0.000  0.000  0.000
  584.33 22.809 22.809  3.892 18.918  6.372  6.571  5.974  3.892  0.000  0.000  0.000  0.000  0.000
  592.40 19.975 19.975  3.571 16.405  5.017  5.753  5.634  3.571  0.000  0.000  0.000  0.000  0.000
  599.60 28.404 28.404  2.948 25.456  6.556  8.649 10.251  2.948  0.000  0.000  0.000  0.000  0.000
  609.76 25.192 25.192  1.775 23.417  6.396  9.443  7.578  1.775  0.000  0.000  0.000  0.000  0.000
  616.60 23.768 23.768  1.133 22.635  6.477  9.181  6.977  1.133  0.000  0.000  0.000  0.000  0.000
  624.93 27.268 27.268  0.989 26.278  7.996  9.960  8.322  0.989  0.000  0.000  0.000  0.000  0.000
  629.73 27.329 27.329  0.907 26.422  8.316  9.610  8.496  0.907  0.000  0.000  0.000  0.000  0.000
  638.50 25.324 25.288  0.976 24.312  8.116  8.162  8.033  0.976  0.000  0.000  0.000  0.000  0.000
  640.41 24.429 24.365  1.020 23.345  7.891  7.695  7.759  1.020  0.000  0.000  0.000  0.000  0.000
  640.93 24.191 24.120  1.031 23.089  7.830  7.573  7.686  1.031  0.000  0.000  0.000  0.000  0.000
  641.81 23.794 23.712  1.050 22.662  7.729  7.369  7.564  1.050  0.000  0.000  0.000  0.000  0.000
  644.10 22.795 22.684  1.092 21.591  7.471  6.863  7.257  1.092  0.000  0.000  0.000  0.000  0.000
  650.30 26.170 26.110  1.098 25.013  8.100  8.381  8.531  1.098  0.000  0.000  0.000  0.000  0.000
  657.30 27.434 26.689  0.487 26.202  7.650  9.474  9.078  0.487  0.000  0.000  0.000  0.000  0.000
  661.40 25.690 24.945  0.062 24.884  6.800  9.384  8.700  0.062  0.000  0.000  0.000  0.000  0.000
  671.50 20.865 20.121  0.000 20.121  7.062  8.008  5.050  0.000  0.000  0.000  0.000  0.000  0.000
  681.70 21.798 21.160  0.000 21.160 10.695 10.465  0.000  0.000  0.000  0.000  0.000  0.000  0.000
  685.71 20.134 19.641  0.000 19.641 10.506  9.135  0.000  0.000  0.000  0.000  0.000  0.000  0.000
  690.80 21.275 20.035  0.000 20.035 11.466  8.569  0.000  0.000  0.000  0.000  0.000  0.000  0.000
  694.30 21.306 19.818  0.000 19.818 11.852  7.966  0.000  0.000  0.000  0.000  0.000  0.000  0.000
  700.01 27.388 24.510  0.000 24.510 15.687  8.824  0.000  0.000  0.000  0.000  0.000  0.000  0.000
  701.01 30.782 26.530  0.000 26.530 17.174  9.356  0.000  0.000  0.000  0.000  0.000  0.000  0.000
  702.01 21.727 18.817  0.000 18.817 12.319  6.497  0.000  0.000  0.000  0.000  0.000  0.000  0.000
  703.01 28.426 24.771  0.000 24.771 16.400  8.371  0.000  0.000  0.000  0.000  0.000  0.000  0.000
  703.36 27.480 23.952  0.000 23.952 15.919  8.033  0.000  0.000  0.000  0.000  0.000  0.000  0.000
  704.01 35.028 30.511  0.000 30.511 20.424 10.087  0.000  0.000  0.000  0.000  0.000  0.000  0.000
  705.01 56.919 49.557  0.000 49.557 33.122 16.436  0.000  0.000  0.000  0.000  0.000  0.000  0.000
  706.01 42.331 36.583  0.000 36.583 24.117 12.466  0.000  0.000  0.000  0.000  0.000  0.000  0.000
  707.01 25.404 21.683  0.000 21.683 14.096  7.586  0.000  0.000  0.000  0.000  0.000  0.000  0.000
  708.01 26.342 22.620  0.000 22.620 14.499  8.121  0.000  0.000  0.000  0.000  0.000  0.000  0.000
  709.01 25.986 22.162  0.000 22.162 14.004  8.158  0.000  0.000  0.000  0.000  0.000  0.000  0.000
  710.01 29.495 24.674  0.000 24.674 15.366  9.308  0.000  0.000  0.000  0.000  0.000  0.000  0.000
  711.01 41.579 35.616  0.000 35.616 21.855 13.760  0.000  0.000  0.000  0.000  0.000  0.000  0.000
  712.01 32.992 26.293  0.000 26.293 15.895 10.398  0.000  0.000  0.000  0.000  0.000  0.000  0.000
  712.70 36.844 30.145  0.000 30.145 18.034 12.111  0.000  0.000  0.000  0.000  0.000  0.000  0.000
  713.01 37.477 30.852  0.000 30.852 18.370 12.483  0.000  0.000  0.000  0.000  0.000  0.000  0.000
  714.01 33.149 27.189  0.000 27.189 15.941 11.248  0.000  0.000  0.000  0.000  0.000  0.000  0.000
  715.01 33.563 27.503  0.000 27.503 15.874 11.629  0.000  0.000  0.000  0.000  0.000  0.000  0.000
  716.01 29.058 23.848  0.000 23.848 13.547 10.301  0.000  0.000  0.000  0.000  0.000  0.000  0.000
  717.01 28.348 23.680  0.000 23.680 13.236 10.444  0.000  0.000  0.000  0.000  0.000  0.000  0.000
  718.01 28.671 23.545  0.000 23.545 12.946 10.600  0.000  0.000  0.000  0.000  0.000  0.000  0.000
  718.50 27.354 22.330  0.000 22.330 12.340  9.990  0.000  0.000  0.000  0.000  0.000  0.000  0.000
  719.01 25.983 21.064  0.000 21.064 11.738  9.326  0.000  0.000  0.000  0.000  0.000  0.000  0.000
  720.01 30.610 23.048  0.000 23.048 13.052  9.996  0.000  0.000  0.000  0.000  0.000  0.000  0.000
  721.01 29.194 22.917  0.000 22.917 13.185  9.732  0.000  0.000  0.000  0.000  0.000  0.000  0.000
  722.01 27.051 22.939  0.000 22.939 13.406  9.533  0.000  0.000  0.000  0.000  0.000  0.000  0.000
  723.01 25.888 20.677  0.000 20.677 12.271  8.406  0.000  0.000  0.000  0.000  0.000  0.000  0.000
  724.01 27.010 22.083  0.000 22.083 13.182  8.901  0.000  0.000  0.000  0.000  0.000  0.000  0.000
  725.01 25.477 21.692  0.000 21.692 12.945  8.746  0.000  0.000  0.000  0.000  0.000  0.000  0.000
  726.01 42.490 32.325  0.000 32.325 19.287 13.038  0.000  0.000  0.000  0.000  0.000  0.000  0.000
  727.01 36.261 28.904  0.000 28.904 17.242 11.662  0.000  0.000  0.000  0.000  0.000  0.000  0.000
  728.01 30.409 25.571  0.000 25.571 15.250 10.321  0.000  0.000  0.000  0.000  0.000  0.000  0.000
  729.01 27.959 23.483  0.000 23.483 14.002  9.481  0.000  0.000  0.000  0.000  0.000  0.000  0.000
  730.01 30.051 25.404  0.000 25.404 15.144 10.260  0.000  0.000  0.000  0.000  0.000  0.000  0.000
  731.01 34.918 29.412  0.000 29.412 17.505 11.907  0.000  0.000  0.000  0.000  0.000  0.000  0.000
  732.01 37.552 32.304  0.000 32.304 18.981 13.323  0.000  0.000  0.000  0.000  0.000  0.000  0.000
  733.01 39.495 35.034  0.000 35.034 20.319 14.716  0.000  0.000  0.000  0.000  0.000  0.000  0.000
  734.01 33.675 30.434  0.000 30.434 17.419 13.014  0.000  0.000  0.000  0.000  0.000  0.000  0.000
  735.01 34.978 31.364  0.000 31.364 17.713 13.651  0.000  0.000  0.000  0.000  0.000  0.000  0.000
  736.01 34.243 30.938  0.000 30.938 17.277 13.662  0.000  0.000  0.000  0.000  0.000  0.000  0.000
  737.01 32.676 29.959  0.000 29.959 16.846 13.113  0.000  0.000  0.000  0.000  0.000  0.000  0.000
  738.01 31.603 28.836  0.000 28.836 16.326 12.511  0.000  0.000  0.000  0.000  0.000  0.000  0.000
  739.01 26.434 24.081  0.000 24.081 13.726 10.354  0.000  0.000  0.000  0.000  0.000  0.000  0.000
  740.01 25.633 21.920  0.000 21.920 12.580  9.341  0.000  0.000  0.000  0.000  0.000  0.000  0.000
  741.01 20.981 18.199  0.000 18.199 10.749  7.449  0.000  0.000  0.000  0.000  0.000  0.000  0.000
  742.01 21.303 18.396  0.000 18.396 11.272  7.124  0.000  0.000  0.000  0.000  0.000  0.000  0.000
  743.01 18.571 14.388  0.000 14.388  9.133  5.255  0.000  0.000  0.000  0.000  0.000  0.000  0.000
  744.01 19.036 14.905  0.000 14.905  9.659  5.246  0.000  0.000  0.000  0.000  0.000  0.000  0.000
  745.01 20.456 16.734  0.000 16.734 10.736  5.998  0.000  0.000  0.000  0.000  0.000  0.000  0.000
  746.01 19.126 15.405  0.000 15.405 10.077  5.328  0.000  0.000  0.000  0.000  0.000  0.000  0.000
  747.01 21.157 16.695  0.000 16.695 11.161  5.534  0.000  0.000  0.000  0.000  0.000  0.000  0.000
  748.01 15.672 11.554  0.000 11.554  7.891  3.663  0.000  0.000  0.000  0.000  0.000  0.000  0.000
  749.01 19.766 13.229  0.000 13.229  9.225  4.003  0.000  0.000  0.000  0.000  0.000  0.000  0.000
  750.01 23.755 14.853  0.000 14.853 10.572  4.281  0.000  0.000  0.000  0.000  0.000  0.000  0.000
  750.01 23.755 14.853  0.000 14.853 10.572  4.281  0.000  0.000  0.000  0.000  0.000  0.000  0.000
  751.01 17.516 11.574  0.000 11.574  8.405  3.169  0.000  0.000  0.000  0.000  0.000  0.000  0.000
  752.01 17.689 12.596  0.000 12.596  9.329  3.267  0.000  0.000  0.000  0.000  0.000  0.000  0.000
  753.01 15.335 10.282  0.000 10.282  7.764  2.519  0.000  0.000  0.000  0.000  0.000  0.000  0.000
  754.01 19.411 12.409  0.000 12.409  9.548  2.861  0.000  0.000  0.000  0.000  0.000  0.000  0.000
  755.01 23.402 14.492  0.000 14.492 11.360  3.132  0.000  0.000  0.000  0.000  0.000  0.000  0.000
  756.01 18.999 12.337  0.000 12.337  9.849  2.488  0.000  0.000  0.000  0.000  0.000  0.000  0.000
  757.01 18.515 12.226  0.000 12.226  9.936  2.290  0.000  0.000  0.000  0.000  0.000  0.000  0.000
  758.01 17.538 10.830  0.000 10.830  8.958  1.872  0.000  0.000  0.000  0.000  0.000  0.000  0.000
  758.68 18.727 11.760  0.000 11.760  9.841  1.919  0.000  0.000  0.000  0.000  0.000  0.000  0.000
  759.01 17.990 11.146  0.000 11.146  9.380  1.766  0.000  0.000  0.000  0.000  0.000  0.000  0.000
  759.44 17.245 10.443  0.000 10.443  8.853  1.590  0.000  0.000  0.000  0.000  0.000  0.000  0.000
  760.01 19.040 10.770  0.000 10.770  9.219  1.551  0.000  0.000  0.000  0.000  0.000  0.000  0.000
  760.30 19.954 10.936  0.000 10.936  9.406  1.529  0.000  0.000  0.000  0.000  0.000  0.000  0.000
  761.01 20.492 10.876  0.000 10.876  9.467  1.410  0.000  0.000  0.000  0.000  0.000  0.000  0.000
  761.13 20.213 10.765  0.000 10.765  9.388  1.377  0.000  0.000  0.000  0.000  0.000  0.000  0.000
  762.01 19.669 11.053  0.000 11.053  9.780  1.273  0.000  0.000  0.000  0.000  0.000  0.000  0.000
  763.01 21.250 12.420  0.000 12.420 11.168  1.252  0.000  0.000  0.000  0.000  0.000  0.000  0.000
  764.01 19.374 11.088  0.000 11.088 10.130  0.958  0.000  0.000  0.000  0.000  0.000  0.000  0.000
  765.01 19.971 10.821  0.000 10.821 10.042  0.778  0.000  0.000  0.000  0.000  0.000  0.000  0.000
  765.15 20.818 11.211  0.000 11.211 10.427  0.784  0.000  0.000  0.000  0.000  0.000  0.000  0.000
  766.01 20.758 11.036  0.000 11.036 10.401  0.635  0.000  0.000  0.000  0.000  0.000  0.000  0.000
  767.01 19.557 11.010  0.000 11.010 10.535  0.475  0.000  0.000  0.000  0.000  0.000  0.000  0.000
  768.01 18.175 11.669  0.000 11.669 11.334  0.335  0.000  0.000  0.000  0.000  0.000  0.000  0.000
  769.01 19.278 12.049  0.000 12.049 11.877  0.172  0.000  0.000  0.000  0.000  0.000  0.000  0.000
  770.01 17.144 10.483  0.000 10.483 10.483  0.000  0.000  0.000  0.000  0.000  0.000  0.000  0.000
  770.41 18.905 10.867  0.000 10.867 10.867  0.000  0.000  0.000  0.000  0.000  0.000  0.000  0.000
  771.01 20.897  9.872  0.000  9.872  9.872  0.000  0.000  0.000  0.000  0.000  0.000  0.000  0.000
  772.01 24.000 10.230  0.000 10.230 10.230  0.000  0.000  0.000  0.000  0.000  0.000  0.000  0.000
  773.01 26.413 13.616  0.000 13.616 13.616  0.000  0.000  0.000  0.000  0.000  0.000  0.000  0.000
  774.01 20.869 12.618  0.000 12.618 12.618  0.000  0.000  0.000  0.000  0.000  0.000  0.000  0.000
  775.01 14.356 10.943  0.000 10.943 10.943  0.000  0.000  0.000  0.000  0.000  0.000  0.000  0.000
  776.01 18.512 12.938  0.000 12.938 12.938  0.000  0.000  0.000  0.000  0.000  0.000  0.000  0.000
  777.01 23.722 15.295  0.000 15.295 15.295  0.000  0.000  0.000  0.000  0.000  0.000  0.000  0.000
  778.01 28.932 17.652  0.000 17.652 17.652  0.000  0.000  0.000  0.000  0.000  0.000  0.000  0.000
  779.01 25.149 12.635  0.000 12.635 12.635  0.000  0.000  0.000  0.000  0.000  0.000  0.000  0.000
  780.01 27.823 10.795  0.000 10.795 10.795  0.000  0.000  0.000  0.000  0.000  0.000  0.000  0.000
  780.32 25.054 10.872  0.000 10.872 10.872  0.000  0.000  0.000  0.000  0.000  0.000  0.000  0.000
  781.01 18.891 11.043  0.000 11.043 11.043  0.000  0.000  0.000  0.000  0.000  0.000  0.000  0.000
  782.01 16.819 10.487  0.000 10.487 10.487  0.000  0.000  0.000  0.000  0.000  0.000  0.000  0.000
  783.01 20.705  9.168  0.000  9.168  9.168  0.000  0.000  0.000  0.000  0.000  0.000  0.000  0.000
  784.01 23.986 10.439  0.000 10.439 10.439  0.000  0.000  0.000  0.000  0.000  0.000  0.000  0.000
  785.01 24.339 10.179  0.000 10.179 10.179  0.000  0.000  0.000  0.000  0.000  0.000  0.000  0.000
  786.01 26.619 10.774  0.000 10.774 10.774  0.000  0.000  0.000  0.000  0.000  0.000  0.000  0.000
  786.47 20.072 10.352  0.000 10.352 10.352  0.000  0.000  0.000  0.000  0.000  0.000  0.000  0.000
  787.01 22.752 12.697  0.000 12.697 12.697  0.000  0.000  0.000  0.000  0.000  0.000  0.000  0.000
  787.71 25.270 15.566  0.000 15.566 15.566  0.000  0.000  0.000  0.000  0.000  0.000  0.000  0.000
  788.01 24.246 16.288  0.000 16.288 16.288  0.000  0.000  0.000  0.000  0.000  0.000  0.000  0.000
  789.01 26.811 10.800  0.000 10.800 10.800  0.000  0.000  0.000  0.000  0.000  0.000  0.000  0.000
  790.01 28.230 11.520  0.000 11.520 11.520  0.000  0.000  0.000  0.000  0.000  0.000  0.000  0.000
  790.15 27.468 11.279  0.000 11.279 11.279  0.000  0.000  0.000  0.000  0.000  0.000  0.000  0.000
  791.01 22.791  9.802  0.000  9.802  9.802  0.000  0.000  0.000  0.000  0.000  0.000  0.000  0.000
  792.01 25.537 10.986  0.000 10.986 10.986  0.000  0.000  0.000  0.000  0.000  0.000  0.000  0.000
  793.01 25.754 11.969  0.000 11.969 11.969  0.000  0.000  0.000  0.000  0.000  0.000  0.000  0.000
  794.01 33.197 12.256  0.000 12.256 12.256  0.000  0.000  0.000  0.000  0.000  0.000  0.000  0.000
  795.01 23.093  7.480  0.000  7.480  7.480  0.000  0.000  0.000  0.000  0.000  0.000  0.000  0.000
  796.01 22.015  7.494  0.000  7.494  7.494  0.000  0.000  0.000  0.000  0.000  0.000  0.000  0.000
  797.01 27.706 12.529  0.000 12.529 12.529  0.000  0.000  0.000  0.000  0.000  0.000  0.000  0.000
  798.01 27.884 13.118  0.000 13.118 13.118  0.000  0.000  0.000  0.000  0.000  0.000  0.000  0.000
  799.01 35.263 13.733  0.000 13.733 13.733  0.000  0.000  0.000  0.000  0.000  0.000  0.000  0.000
  800.01 36.748 12.797  0.000 12.797 12.797  0.000  0.000  0.000  0.000  0.000  0.000  0.000  0.000
  801.01 30.723  9.430  0.000  9.430  9.430  0.000  0.000  0.000  0.000  0.000  0.000  0.000  0.000
  802.01 30.067  8.969  0.000  8.969  8.969  0.000  0.000  0.000  0.000  0.000  0.000  0.000  0.000
  803.01 30.509 12.013  0.000 12.013 12.013  0.000  0.000  0.000  0.000  0.000  0.000  0.000  0.000
  804.01 33.406 12.788  0.000 12.788 12.788  0.000  0.000  0.000  0.000  0.000  0.000  0.000  0.000
  805.01 47.828 12.323  0.000 12.323 12.323  0.000  0.000  0.000  0.000  0.000  0.000  0.000  0.000
  806.01 38.965 11.212  0.000 11.212 11.212  0.000  0.000  0.000  0.000  0.000  0.000  0.000  0.000
  807.01 27.984 10.076  0.000 10.076 10.076  0.000  0.000  0.000  0.000  0.000  0.000  0.000  0.000
  808.01 35.117 12.868  0.000 12.868 12.868  0.000  0.000  0.000  0.000  0.000  0.000  0.000  0.000
  809.01 26.058 10.383  0.000 10.383 10.383  0.000  0.000  0.000  0.000  0.000  0.000  0.000  0.000
  810.01 31.631 10.995  0.000 10.995 10.995  0.000  0.000  0.000  0.000  0.000  0.000  0.000  0.000
  811.01 44.731 13.377  0.000 13.377 13.377  0.000  0.000  0.000  0.000  0.000  0.000  0.000  0.000
  812.01 47.376 13.137  0.000 13.137 13.137  0.000  0.000  0.000  0.000  0.000  0.000  0.000  0.000
  813.01 31.773  8.820  0.000  8.820  8.820  0.000  0.000  0.000  0.000  0.000  0.000  0.000  0.000
  814.01 30.753  9.580  0.000  9.580  9.580  0.000  0.000  0.000  0.000  0.000  0.000  0.000  0.000
  815.01 19.889  9.909  0.000  9.909  9.909  0.000  0.000  0.000  0.000  0.000  0.000  0.000  0.000
  816.01 31.540 15.411  0.000 15.411 15.411  0.000  0.000  0.000  0.000  0.000  0.000  0.000  0.000
  817.01 43.190 20.912  0.000 20.912 20.912  0.000  0.000  0.000  0.000  0.000  0.000  0.000  0.000
  818.01 24.905  9.900  0.000  9.900  9.900  0.000  0.000  0.000  0.000  0.000  0.000  0.000  0.000
  819.01 25.937  9.144  0.000  9.144  9.144  0.000  0.000  0.000  0.000  0.000  0.000  0.000  0.000
  820.01 29.445 10.800  0.000 10.800 10.800  0.000  0.000  0.000  0.000  0.000  0.000  0.000  0.000
  821.01 19.025  9.063  0.000  9.063  9.063  0.000  0.000  0.000  0.000  0.000  0.000  0.000  0.000
  822.01 20.592  9.533  0.000  9.533  9.533  0.000  0.000  0.000  0.000  0.000  0.000  0.000  0.000
  823.01 27.056 10.904  0.000 10.904 10.904  0.000  0.000  0.000  0.000  0.000  0.000  0.000  0.000
  824.01 17.231  6.810  0.000  6.810  6.810  0.000  0.000  0.000  0.000  0.000  0.000  0.000  0.000
  825.01 23.065  8.420  0.000  8.420  8.420  0.000  0.000  0.000  0.000  0.000  0.000  0.000  0.000
  826.01 28.814 10.360  0.000 10.360 10.360  0.000  0.000  0.000  0.000  0.000  0.000  0.000  0.000
  827.01 11.987  5.661  0.000  5.661  5.661  0.000  0.000  0.000  0.000  0.000  0.000  0.000  0.000
  828.01 11.812  5.955  0.000  5.955  5.955  0.000  0.000  0.000  0.000  0.000  0.000  0.000  0.000
  829.01 18.611  7.396  0.000  7.396  7.396  0.000  0.000  0.000  0.000  0.000  0.000  0.000  0.000
  830.01 20.925  7.778  0.000  7.778  7.778  0.000  0.000  0.000  0.000  0.000  0.000  0.000  0.000
  831.01 10.939  4.131  0.000  4.131  4.131  0.000  0.000  0.000  0.000  0.000  0.000  0.000  0.000
  832.01 25.578  7.853  0.000  7.853  7.853  0.000  0.000  0.000  0.000  0.000  0.000  0.000  0.000
  833.01 25.632  7.897  0.000  7.897  7.897  0.000  0.000  0.000  0.000  0.000  0.000  0.000  0.000
  834.01 11.676  4.408  0.000  4.408  4.408  0.000  0.000  0.000  0.000  0.000  0.000  0.000  0.000
  834.20 10.514  4.187  0.000  4.187  4.187  0.000  0.000  0.000  0.000  0.000  0.000  0.000  0.000
  835.01 10.371  4.255  0.000  4.255  4.255  0.000  0.000  0.000  0.000  0.000  0.000  0.000  0.000
  836.01 14.841  5.103  0.000  5.103  5.103  0.000  0.000  0.000  0.000  0.000  0.000  0.000  0.000
  837.01 14.301  4.878  0.000  4.878  4.878  0.000  0.000  0.000  0.000  0.000  0.000  0.000  0.000
  838.01 14.682  5.852  0.000  5.852  5.852  0.000  0.000  0.000  0.000  0.000  0.000  0.000  0.000
  839.01 24.265 10.625  0.000 10.625 10.625  0.000  0.000  0.000  0.000  0.000  0.000  0.000  0.000
  840.01 19.855  8.445  0.000  8.445  8.445  0.000  0.000  0.000  0.000  0.000  0.000  0.000  0.000
  841.01 14.272  5.864  0.000  5.864  5.864  0.000  0.000  0.000  0.000  0.000  0.000  0.000  0.000
  842.01  8.690  3.284  0.000  3.284  3.284  0.000  0.000  0.000  0.000  0.000  0.000  0.000  0.000
  843.01 10.379  3.610  0.000  3.610  3.610  0.000  0.000  0.000  0.000  0.000  0.000  0.000  0.000
  844.01 11.695  3.996  0.000  3.996  3.996  0.000  0.000  0.000  0.000  0.000  0.000  0.000  0.000
  845.01 12.748  4.191  0.000  4.191  4.191  0.000  0.000  0.000  0.000  0.000  0.000  0.000  0.000
  846.01 17.886  5.032  0.000  5.032  5.032  0.000  0.000  0.000  0.000  0.000  0.000  0.000  0.000
  847.01 11.318  3.412  0.000  3.412  3.412  0.000  0.000  0.000  0.000  0.000  0.000  0.000  0.000
  848.01  7.613  2.694  0.000  2.694  2.694  0.000  0.000  0.000  0.000  0.000  0.000  0.000  0.000
  849.01  7.544  3.167  0.000  3.167  3.167  0.000  0.000  0.000  0.000  0.000  0.000  0.000  0.000
  850.01  8.735  3.948  0.000  3.948  3.948  0.000  0.000  0.000  0.000  0.000  0.000  0.000  0.000
  851.01  9.295  4.110  0.000  4.110  4.110  0.000  0.000  0.000  0.000  0.000  0.000  0.000  0.000
  852.01  9.174  3.748  0.000  3.748  3.748  0.000  0.000  0.000  0.000  0.000  0.000  0.000  0.000
  853.01 12.098  5.289  0.000  5.289  5.289  0.000  0.000  0.000  0.000  0.000  0.000  0.000  0.000
  854.01 10.141  4.427  0.000  4.427  4.427  0.000  0.000  0.000  0.000  0.000  0.000  0.000  0.000
  855.01  7.084  3.019  0.000  3.019  3.019  0.000  0.000  0.000  0.000  0.000  0.000  0.000  0.000
  856.01  8.379  3.488  0.000  3.488  3.488  0.000  0.000  0.000  0.000  0.000  0.000  0.000  0.000
  857.01  9.673  3.958  0.000  3.958  3.958  0.000  0.000  0.000  0.000  0.000  0.000  0.000  0.000
  858.01  8.797  3.635  0.000  3.635  3.635  0.000  0.000  0.000  0.000  0.000  0.000  0.000  0.000
  859.01  7.034  2.988  0.000  2.988  2.988  0.000  0.000  0.000  0.000  0.000  0.000  0.000  0.000
  860.01  7.034  2.949  0.000  2.949  2.949  0.000  0.000  0.000  0.000  0.000  0.000  0.000  0.000
  861.01  7.448  3.056  0.000  3.056  3.056  0.000  0.000  0.000  0.000  0.000  0.000  0.000  0.000
  862.01  7.965  3.449  0.000  3.449  3.449  0.000  0.000  0.000  0.000  0.000  0.000  0.000  0.000
  863.01  8.482  3.841  0.000  3.841  3.841  0.000  0.000  0.000  0.000  0.000  0.000  0.000  0.000
  864.01  8.999  4.234  0.000  4.234  4.234  0.000  0.000  0.000  0.000  0.000  0.000  0.000  0.000
  865.01  8.795  4.252  0.000  4.252  4.252  0.000  0.000  0.000  0.000  0.000  0.000  0.000  0.000
  866.01  7.555  3.731  0.000  3.731  3.731  0.000  0.000  0.000  0.000  0.000  0.000  0.000  0.000
  867.01  6.314  3.210  0.000  3.210  3.210  0.000  0.000  0.000  0.000  0.000  0.000  0.000  0.000
  868.01  6.028  3.297  0.000  3.297  3.297  0.000  0.000  0.000  0.000  0.000  0.000  0.000  0.000
  869.01  7.113  4.258  0.000  4.258  4.258  0.000  0.000  0.000  0.000  0.000  0.000  0.000  0.000
  870.01  8.181  5.204  0.000  5.204  5.204  0.000  0.000  0.000  0.000  0.000  0.000  0.000  0.000
  871.01  8.960  5.410  0.000  5.410  5.410  0.000  0.000  0.000  0.000  0.000  0.000  0.000  0.000
  872.01  9.331  5.530  0.000  5.530  5.530  0.000  0.000  0.000  0.000  0.000  0.000  0.000  0.000
  873.01  8.156  4.835  0.000  4.835  4.835  0.000  0.000  0.000  0.000  0.000  0.000  0.000  0.000
  874.01  6.981  4.140  0.000  4.140  4.140  0.000  0.000  0.000  0.000  0.000  0.000  0.000  0.000
  875.01  5.806  3.444  0.000  3.444  3.444  0.000  0.000  0.000  0.000  0.000  0.000  0.000  0.000
  876.01  7.765  4.778  0.000  4.778  4.778  0.000  0.000  0.000  0.000  0.000  0.000  0.000  0.000
  877.01 10.460  6.587  0.000  6.587  6.587  0.000  0.000  0.000  0.000  0.000  0.000  0.000  0.000
  878.01 13.155  8.397  0.000  8.397  8.397  0.000  0.000  0.000  0.000  0.000  0.000  0.000  0.000
  879.01 11.900  7.641  0.000  7.641  7.641  0.000  0.000  0.000  0.000  0.000  0.000  0.000  0.000
  880.01 10.254  6.632  0.000  6.632  6.632  0.000  0.000  0.000  0.000  0.000  0.000  0.000  0.000
  881.01  8.608  5.623  0.000  5.623  5.623  0.000  0.000  0.000  0.000  0.000  0.000  0.000  0.000
  882.01  6.962  4.614  0.000  4.614  4.614  0.000  0.000  0.000  0.000  0.000  0.000  0.000  0.000
  883.01  5.315  3.605  0.000  3.605  3.605  0.000  0.000  0.000  0.000  0.000  0.000  0.000  0.000
  884.01  8.538  5.648  0.000  5.648  5.648  0.000  0.000  0.000  0.000  0.000  0.000  0.000  0.000
  885.01 13.748  8.938  0.000  8.938  8.938  0.000  0.000  0.000  0.000  0.000  0.000  0.000  0.000
  886.01 17.035 10.997  0.000 10.997 10.997  0.000  0.000  0.000  0.000  0.000  0.000  0.000  0.000
  887.01 13.088  8.426  0.000  8.426  8.426  0.000  0.000  0.000  0.000  0.000  0.000  0.000  0.000
  888.01  9.140  5.854  0.000  5.854  5.854  0.000  0.000  0.000  0.000  0.000  0.000  0.000  0.000
  889.01  5.193  3.283  0.000  3.283  3.283  0.000  0.000  0.000  0.000  0.000  0.000  0.000  0.000
  890.01  7.006  4.515  0.000  4.515  4.515  0.000  0.000  0.000  0.000  0.000  0.000  0.000  0.000
  891.01  9.388  6.123  0.000  6.123  6.123  0.000  0.000  0.000  0.000  0.000  0.000  0.000  0.000
  892.01  9.368  6.359  0.000  6.359  6.359  0.000  0.000  0.000  0.000  0.000  0.000  0.000  0.000
  893.01  5.895  4.622  0.000  4.622  4.622  0.000  0.000  0.000  0.000  0.000  0.000  0.000  0.000
  894.01 11.134  7.420  0.000  7.420  7.420  0.000  0.000  0.000  0.000  0.000  0.000  0.000  0.000
  895.01  8.032  5.146  0.000  5.146  5.146  0.000  0.000  0.000  0.000  0.000  0.000  0.000  0.000
  896.01  5.843  3.610  0.000  3.610  3.610  0.000  0.000  0.000  0.000  0.000  0.000  0.000  0.000
  897.01  7.084  4.851  0.000  4.851  4.851  0.000  0.000  0.000  0.000  0.000  0.000  0.000  0.000
  898.01  6.122  4.644  0.000  4.644  4.644  0.000  0.000  0.000  0.000  0.000  0.000  0.000  0.000
  899.01  5.684  4.325  0.000  4.325  4.325  0.000  0.000  0.000  0.000  0.000  0.000  0.000  0.000
  900.01  8.413  5.069  0.000  5.069  5.069  0.000  0.000  0.000  0.000  0.000  0.000  0.000  0.000
  901.01 12.951  7.890  0.000  7.890  7.890  0.000  0.000  0.000  0.000  0.000  0.000  0.000  0.000
  902.01  9.682  5.957  0.000  5.957  5.957  0.000  0.000  0.000  0.000  0.000  0.000  0.000  0.000
  903.01 10.303  6.163  0.000  6.163  6.163  0.000  0.000  0.000  0.000  0.000  0.000  0.000  0.000
  904.01 10.252  6.080  0.000  6.080  6.080  0.000  0.000  0.000  0.000  0.000  0.000  0.000  0.000
  904.10 10.020  5.975  0.000  5.975  5.975  0.000  0.000  0.000  0.000  0.000  0.000  0.000  0.000
  905.01  7.675  4.907  0.000  4.907  4.907  0.000  0.000  0.000  0.000  0.000  0.000  0.000  0.000
  906.01  5.099  3.733  0.000  3.733  3.733  0.000  0.000  0.000  0.000  0.000  0.000  0.000  0.000
  907.01  6.577  4.779  0.000  4.779  4.779  0.000  0.000  0.000  0.000  0.000  0.000  0.000  0.000
  908.01 10.647  7.245  0.000  7.245  7.245  0.000  0.000  0.000  0.000  0.000  0.000  0.000  0.000
  909.01 14.718  9.710  0.000  9.710  9.710  0.000  0.000  0.000  0.000  0.000  0.000  0.000  0.000
  910.01 15.303 10.071  0.000 10.071 10.071  0.000  0.000  0.000  0.000  0.000  0.000  0.000  0.000
  911.01 15.340  9.836  0.000  9.836  9.836  0.000  0.000  0.000  0.000  0.000  0.000  0.000  0.000
  912.01 11.123  7.231  0.000  7.231  7.231  0.000  0.000  0.000  0.000  0.000  0.000  0.000  0.000
  913.01  6.905  4.626  0.000  4.626  4.626  0.000  0.000  0.000  0.000  0.000  0.000  0.000  0.000
  913.99  5.902  4.261  0.000  4.261  4.261  0.000  0.000  0.000  0.000  0.000  0.000  0.000  0.000
  914.01  5.945  4.298  0.000  4.298  4.298  0.000  0.000  0.000  0.000  0.000  0.000  0.000  0.000
  914.99  6.364  4.659  0.000  4.659  4.659  0.000  0.000  0.000  0.000  0.000  0.000  0.000  0.000
  915.01  6.290  4.595  0.000  4.595  4.595  0.000  0.000  0.000  0.000  0.000  0.000  0.000  0.000
  915.99  8.534  5.423  0.000  5.423  5.423  0.000  0.000  0.000  0.000  0.000  0.000  0.000  0.000
  916.01  8.761  5.562  0.000  5.562  5.562  0.000  0.000  0.000  0.000  0.000  0.000  0.000  0.000
  916.99 19.917 12.363  0.000 12.363 12.363  0.000  0.000  0.000  0.000  0.000  0.000  0.000  0.000
  917.01 20.145 12.502  0.000 12.502 12.502  0.000  0.000  0.000  0.000  0.000  0.000  0.000  0.000
  918.01 18.767 11.676  0.000 11.676 11.676  0.000  0.000  0.000  0.000  0.000  0.000  0.000  0.000
  918.99 12.308  7.758  0.000  7.758  7.758  0.000  0.000  0.000  0.000  0.000  0.000  0.000  0.000
  919.01 12.176  7.678  0.000  7.678  7.678  0.000  0.000  0.000  0.000  0.000  0.000  0.000  0.000
  920.01  5.585  3.680  0.000  3.680  3.680  0.000  0.000  0.000  0.000  0.000  0.000  0.000  0.000
  920.96  4.396  3.534  0.000  3.534  3.534  0.000  0.000  0.000  0.000  0.000  0.000  0.000  0.000
  921.01  4.520  3.660  0.000  3.660  3.660  0.000  0.000  0.000  0.000  0.000  0.000  0.000  0.000
  922.01  6.987  6.182  0.000  6.182  6.182  0.000  0.000  0.000  0.000  0.000  0.000  0.000  0.000
  923.01  9.454  8.705  0.000  8.705  8.705  0.000  0.000  0.000  0.000  0.000  0.000  0.000  0.000
  923.15  9.583  8.792  0.000  8.792  8.792  0.000  0.000  0.000  0.000  0.000  0.000  0.000  0.000
  924.01 16.334 13.510  0.000 13.510 13.510  0.000  0.000  0.000  0.000  0.000  0.000  0.000  0.000
  925.01 18.152 14.735  0.000 14.735 14.735  0.000  0.000  0.000  0.000  0.000  0.000  0.000  0.000
  926.01  7.770  6.410  0.000  6.410  6.410  0.000  0.000  0.000  0.000  0.000  0.000  0.000  0.000
  926.20  5.798  4.828  0.000  4.828  4.828  0.000  0.000  0.000  0.000  0.000  0.000  0.000  0.000
  927.01  3.911  3.144  0.000  3.144  3.144  0.000  0.000  0.000  0.000  0.000  0.000  0.000  0.000
  928.01  3.483  2.790  0.000  2.790  2.790  0.000  0.000  0.000  0.000  0.000  0.000  0.000  0.000
  929.01  4.027  3.360  0.000  3.360  3.360  0.000  0.000  0.000  0.000  0.000  0.000  0.000  0.000
  930.01  4.094  3.427  0.000  3.427  3.427  0.000  0.000  0.000  0.000  0.000  0.000  0.000  0.000
  930.75 23.756 15.320  0.000 15.320 15.320  0.000  0.000  0.000  0.000  0.000  0.000  0.000  0.000
  931.01 19.778 12.848  0.000 12.848 12.848  0.000  0.000  0.000  0.000  0.000  0.000  0.000  0.000
  932.01 21.561 14.936  0.000 14.936 14.936  0.000  0.000  0.000  0.000  0.000  0.000  0.000  0.000
  933.01 23.733 16.684  0.000 16.684 16.684  0.000  0.000  0.000  0.000  0.000  0.000  0.000  0.000
  933.38 20.747 14.615  0.000 14.615 14.615  0.000  0.000  0.000  0.000  0.000  0.000  0.000  0.000
  934.01 15.662 11.090  0.000 11.090 11.090  0.000  0.000  0.000  0.000  0.000  0.000  0.000  0.000
  935.01  7.590  5.496  0.000  5.496  5.496  0.000  0.000  0.000  0.000  0.000  0.000  0.000  0.000
  936.01  7.505  4.551  0.000  4.551  4.551  0.000  0.000  0.000  0.000  0.000  0.000  0.000  0.000
  937.01 18.912 10.294  0.000 10.294 10.294  0.000  0.000  0.000  0.000  0.000  0.000  0.000  0.000
  937.80 27.922 14.831  0.000 14.831 14.831  0.000  0.000  0.000  0.000  0.000  0.000  0.000  0.000
  938.01 30.318 16.037  0.000 16.037 16.037  0.000  0.000  0.000  0.000  0.000  0.000  0.000  0.000
  939.01 41.724 21.781  0.000 21.781 21.781  0.000  0.000  0.000  0.000  0.000  0.000  0.000  0.000
  940.01 39.353 20.614  0.000 20.614 20.614  0.000  0.000  0.000  0.000  0.000  0.000  0.000  0.000
  941.01 31.355 16.626  0.000 16.626 16.626  0.000  0.000  0.000  0.000  0.000  0.000  0.000  0.000
  942.01 23.357 12.637  0.000 12.637 12.637  0.000  0.000  0.000  0.000  0.000  0.000  0.000  0.000
  943.01 15.359  8.649  0.000  8.649  8.649  0.000  0.000  0.000  0.000  0.000  0.000  0.000  0.000
  944.01  7.361  4.660  0.000  4.660  4.660  0.000  0.000  0.000  0.000  0.000  0.000  0.000  0.000
  944.52  3.282  2.626  0.000  2.626  2.626  0.000  0.000  0.000  0.000  0.000  0.000  0.000  0.000
  945.01  9.726  7.220  0.000  7.220  7.220  0.000  0.000  0.000  0.000  0.000  0.000  0.000  0.000
  946.01 27.001 19.201  0.000 19.201 19.201  0.000  0.000  0.000  0.000  0.000  0.000  0.000  0.000
  947.01 44.276 31.182  0.000 31.182 31.182  0.000  0.000  0.000  0.000  0.000  0.000  0.000  0.000
  948.01 49.762 34.981  0.000 34.981 34.981  0.000  0.000  0.000  0.000  0.000  0.000  0.000  0.000
  949.01 29.007 20.567  0.000 20.567 20.567  0.000  0.000  0.000  0.000  0.000  0.000  0.000  0.000
  949.74 13.856 10.044  0.000 10.044 10.044  0.000  0.000  0.000  0.000  0.000  0.000  0.000  0.000
  950.01  8.252  6.152  0.000  6.152  6.152  0.000  0.000  0.000  0.000  0.000  0.000  0.000  0.000
  951.01  8.886  7.243  0.000  7.243  7.243  0.000  0.000  0.000  0.000  0.000  0.000  0.000  0.000
  952.01 18.257 14.666  0.000 14.666 14.666  0.000  0.000  0.000  0.000  0.000  0.000  0.000  0.000
  953.01 27.627 22.090  0.000 22.090 22.090  0.000  0.000  0.000  0.000  0.000  0.000  0.000  0.000
  954.01 36.998 29.513  0.000 29.513 29.513  0.000  0.000  0.000  0.000  0.000  0.000  0.000  0.000
  955.01 46.368 36.936  0.000 36.936 36.936  0.000  0.000  0.000  0.000  0.000  0.000  0.000  0.000
  956.01 51.177 40.627  0.000 40.627 40.627  0.000  0.000  0.000  0.000  0.000  0.000  0.000  0.000
  957.01 35.246 27.083  0.000 27.083 27.083  0.000  0.000  0.000  0.000  0.000  0.000  0.000  0.000
  958.01 24.292 18.598  0.000 18.598 18.598  0.000  0.000  0.000  0.000  0.000  0.000  0.000  0.000
  959.01 13.338 10.112  0.000 10.112 10.112  0.000  0.000  0.000  0.000  0.000  0.000  0.000  0.000
  960.01  2.563  1.770  0.000  1.770  1.770  0.000  0.000  0.000  0.000  0.000  0.000  0.000  0.000
  961.01  9.477  7.528  0.000  7.528  7.528  0.000  0.000  0.000  0.000  0.000  0.000  0.000  0.000
  962.01 14.539 11.744  0.000 11.744 11.744  0.000  0.000  0.000  0.000  0.000  0.000  0.000  0.000
  963.01 10.144  7.758  0.000  7.758  7.758  0.000  0.000  0.000  0.000  0.000  0.000  0.000  0.000
  964.01 26.546 19.887  0.000 19.887 19.887  0.000  0.000  0.000  0.000  0.000  0.000  0.000  0.000
  965.01 42.949 32.017  0.000 32.017 32.017  0.000  0.000  0.000  0.000  0.000  0.000  0.000  0.000
  966.01 45.931 34.223  0.000 34.223 34.223  0.000  0.000  0.000  0.000  0.000  0.000  0.000  0.000
  967.01 36.020 26.893  0.000 26.893 26.893  0.000  0.000  0.000  0.000  0.000  0.000  0.000  0.000
  968.01 26.108 19.564  0.000 19.564 19.564  0.000  0.000  0.000  0.000  0.000  0.000  0.000  0.000
  969.01 16.196 12.235  0.000 12.235 12.235  0.000  0.000  0.000  0.000  0.000  0.000  0.000  0.000
  970.01  6.285  4.905  0.000  4.905  4.905  0.000  0.000  0.000  0.000  0.000  0.000  0.000  0.000
  971.01 10.905  8.047  0.000  8.047  8.047  0.000  0.000  0.000  0.000  0.000  0.000  0.000  0.000
  972.01 24.817 17.882  0.000 17.882 17.882  0.000  0.000  0.000  0.000  0.000  0.000  0.000  0.000
  972.54 32.750 23.409  0.000 23.409 23.409  0.000  0.000  0.000  0.000  0.000  0.000  0.000  0.000
  973.01 40.240 27.962  0.000 27.962 27.962  0.000  0.000  0.000  0.000  0.000  0.000  0.000  0.000
  974.01 16.980 11.493  0.000 11.493 11.493  0.000  0.000  0.000  0.000  0.000  0.000  0.000  0.000
  975.01 19.106  7.410  0.000  7.410  7.410  0.000  0.000  0.000  0.000  0.000  0.000  0.000  0.000
  976.01 23.467  8.584  0.000  8.584  8.584  0.000  0.000  0.000  0.000  0.000  0.000  0.000  0.000
  977.01 18.779  7.045  0.000  7.045  7.045  0.000  0.000  0.000  0.000  0.000  0.000  0.000  0.000
  977.02 18.733  7.030  0.000  7.030  7.030  0.000  0.000  0.000  0.000  0.000  0.000  0.000  0.000
  978.01 14.092  5.506  0.000  5.506  5.506  0.000  0.000  0.000  0.000  0.000  0.000  0.000  0.000
  979.01  9.404  3.967  0.000  3.967  3.967  0.000  0.000  0.000  0.000  0.000  0.000  0.000  0.000
  980.01  4.716  2.429  0.000  2.429  2.429  0.000  0.000  0.000  0.000  0.000  0.000  0.000  0.000
  981.01 10.384  7.064  0.000  7.064  7.064  0.000  0.000  0.000  0.000  0.000  0.000  0.000  0.000
  982.01 26.002 17.631  0.000 17.631 17.631  0.000  0.000  0.000  0.000  0.000  0.000  0.000  0.000
  983.01 41.619 28.197  0.000 28.197 28.197  0.000  0.000  0.000  0.000  0.000  0.000  0.000  0.000
  984.01 30.711 20.970  0.000 20.970 20.970  0.000  0.000  0.000  0.000  0.000  0.000  0.000  0.000
  985.01  8.969  6.476  0.000  6.476  6.476  0.000  0.000  0.000  0.000  0.000  0.000  0.000  0.000
  986.01  7.209  5.064  0.000  5.064  5.064  0.000  0.000  0.000  0.000  0.000  0.000  0.000  0.000
  987.01  5.083  3.735  0.000  3.735  3.735  0.000  0.000  0.000  0.000  0.000  0.000  0.000  0.000
  988.01  3.015  2.460  0.000  2.460  2.460  0.000  0.000  0.000  0.000  0.000  0.000  0.000  0.000
  989.01  3.285  2.999  0.000  2.999  2.999  0.000  0.000  0.000  0.000  0.000  0.000  0.000  0.000
  989.79  2.753  2.385  0.000  2.385  2.385  0.000  0.000  0.000  0.000  0.000  0.000  0.000  0.000
  990.01  4.217  3.638  0.000  3.638  3.638  0.000  0.000  0.000  0.000  0.000  0.000  0.000  0.000
  991.01 10.871  9.333  0.000  9.333  9.333  0.000  0.000  0.000  0.000  0.000  0.000  0.000  0.000
  991.55 14.463 12.408  0.000 12.408 12.408  0.000  0.000  0.000  0.000  0.000  0.000  0.000  0.000
  992.01 17.524 15.028  0.000 15.028 15.028  0.000  0.000  0.000  0.000  0.000  0.000  0.000  0.000
  993.01 22.764 19.415  0.000 19.415 19.415  0.000  0.000  0.000  0.000  0.000  0.000  0.000  0.000
  994.01 21.377 18.143  0.000 18.143 18.143  0.000  0.000  0.000  0.000  0.000  0.000  0.000  0.000
  995.01 15.131 12.852  0.000 12.852 12.852  0.000  0.000  0.000  0.000  0.000  0.000  0.000  0.000
  996.01  8.885  7.561  0.000  7.561  7.561  0.000  0.000  0.000  0.000  0.000  0.000  0.000  0.000
  997.01  2.638  2.271  0.000  2.271  2.271  0.000  0.000  0.000  0.000  0.000  0.000  0.000  0.000
  998.01  1.462  1.265  0.000  1.265  1.265  0.000  0.000  0.000  0.000  0.000  0.000  0.000  0.000
  999.01  1.475  1.265  0.000  1.265  1.265  0.000  0.000  0.000  0.000  0.000  0.000  0.000  0.000
 1000.01  1.501  1.275  0.000  1.275  1.275  0.000  0.000  0.000  0.000  0.000  0.000  0.000  0.000
 1001.01  2.710  2.261  0.000  2.261  2.261  0.000  0.000  0.000  0.000  0.000  0.000  0.000  0.000
 1002.01  3.920  3.248  0.000  3.248  3.248  0.000  0.000  0.000  0.000  0.000  0.000  0.000  0.000
 1003.01  5.129  4.234  0.000  4.234  4.234  0.000  0.000  0.000  0.000  0.000  0.000  0.000  0.000
 1004.01  6.302  5.185  0.000  5.185  5.185  0.000  0.000  0.000  0.000  0.000  0.000  0.000  0.000
 1005.01  5.404  4.461  0.000  4.461  4.461  0.000  0.000  0.000  0.000  0.000  0.000  0.000  0.000
 1006.01  3.154  2.634  0.000  2.634  2.634  0.000  0.000  0.000  0.000  0.000  0.000  0.000  0.000
 1007.01  1.462  1.260  0.000  1.260  1.260  0.000  0.000  0.000  0.000  0.000  0.000  0.000  0.000
 1008.01  1.786  1.517  0.000  1.517  1.517  0.000  0.000  0.000  0.000  0.000  0.000  0.000  0.000
 1009.01  1.445  1.208  0.000  1.208  1.208  0.000  0.000  0.000  0.000  0.000  0.000  0.000  0.000
 1010.01  1.458  1.200  0.000  1.200  1.200  0.000  0.000  0.000  0.000  0.000  0.000  0.000  0.000
 1010.20  1.437  1.179  0.000  1.179  1.179  0.000  0.000  0.000  0.000  0.000  0.000  0.000  0.000
 1011.01  1.346  1.090  0.000  1.090  1.090  0.000  0.000  0.000  0.000  0.000  0.000  0.000  0.000
 1012.01  1.151  0.917  0.000  0.917  0.917  0.000  0.000  0.000  0.000  0.000  0.000  0.000  0.000
 1013.01  1.233  0.964  0.000  0.964  0.964  0.000  0.000  0.000  0.000  0.000  0.000  0.000  0.000
 1014.01  1.153  0.886  0.000  0.886  0.886  0.000  0.000  0.000  0.000  0.000  0.000  0.000  0.000
 1015.01  1.486  1.119  0.000  1.119  1.119  0.000  0.000  0.000  0.000  0.000  0.000  0.000  0.000
 1016.01  1.196  0.888  0.000  0.888  0.888  0.000  0.000  0.000  0.000  0.000  0.000  0.000  0.000
 1017.01  1.270  0.926  0.000  0.926  0.926  0.000  0.000  0.000  0.000  0.000  0.000  0.000  0.000
 1018.01  1.202  0.860  0.000  0.860  0.860  0.000  0.000  0.000  0.000  0.000  0.000  0.000  0.000
 1019.01  1.197  0.840  0.000  0.840  0.840  0.000  0.000  0.000  0.000  0.000  0.000  0.000  0.000
 1020.01  1.278  0.882  0.000  0.882  0.882  0.000  0.000  0.000  0.000  0.000  0.000  0.000  0.000
 1021.01  1.392  0.941  0.000  0.941  0.941  0.000  0.000  0.000  0.000  0.000  0.000  0.000  0.000
 1022.01  1.466  0.973  0.000  0.973  0.973  0.000  0.000  0.000  0.000  0.000  0.000  0.000  0.000
 1023.01  1.643  1.066  0.000  1.066  1.066  0.000  0.000  0.000  0.000  0.000  0.000  0.000  0.000
 1024.01  1.426  0.911  0.000  0.911  0.911  0.000  0.000  0.000  0.000  0.000  0.000  0.000  0.000
 1025.01  1.463  0.909  0.000  0.909  0.909  0.000  0.000  0.000  0.000  0.000  0.000  0.000  0.000
 1025.72  1.630  0.997  0.000  0.997  0.997  0.000  0.000  0.000  0.000  0.000  0.000  0.000  0.000
 1026.01  1.518  0.880  0.000  0.880  0.880  0.000  0.000  0.000  0.000  0.000  0.000  0.000  0.000
 1027.01  1.130  0.478  0.000  0.478  0.478  0.000  0.000  0.000  0.000  0.000  0.000  0.000  0.000
 1028.01  0.743  0.000  0.000  0.000  0.000  0.000  0.000  0.000  0.000  0.000  0.000  0.000  0.000
 1029.01  1.574  0.000  0.000  0.000  0.000  0.000  0.000  0.000  0.000  0.000  0.000  0.000  0.000
 1030.01  1.047  0.000  0.000  0.000  0.000  0.000  0.000  0.000  0.000  0.000  0.000  0.000  0.000
 1031.01  1.485  0.000  0.000  0.000  0.000  0.000  0.000  0.000  0.000  0.000  0.000  0.000  0.000
 1031.91  1.150  0.000  0.000  0.000  0.000  0.000  0.000  0.000  0.000  0.000  0.000  0.000  0.000
 1032.01  1.113  0.000  0.000  0.000  0.000  0.000  0.000  0.000  0.000  0.000  0.000  0.000  0.000
 1033.01  1.071  0.000  0.000  0.000  0.000  0.000  0.000  0.000  0.000  0.000  0.000  0.000  0.000
 1034.01  1.140  0.000  0.000  0.000  0.000  0.000  0.000  0.000  0.000  0.000  0.000  0.000  0.000
 1035.01  1.595  0.000  0.000  0.000  0.000  0.000  0.000  0.000  0.000  0.000  0.000  0.000  0.000
 1036.01  0.874  0.000  0.000  0.000  0.000  0.000  0.000  0.000  0.000  0.000  0.000  0.000  0.000
 1036.34  0.636  0.000  0.000  0.000  0.000  0.000  0.000  0.000  0.000  0.000  0.000  0.000  0.000
 1037.01  0.858  0.000  0.000  0.000  0.000  0.000  0.000  0.000  0.000  0.000  0.000  0.000  0.000
 1037.02  0.849  0.000  0.000  0.000  0.000  0.000  0.000  0.000  0.000  0.000  0.000  0.000  0.000
 1037.61  1.299  0.000  0.000  0.000  0.000  0.000  0.000  0.000  0.000  0.000  0.000  0.000  0.000
 1038.01  1.883  0.000  0.000  0.000  0.000  0.000  0.000  0.000  0.000  0.000  0.000  0.000  0.000
 1039.01  1.085  0.000  0.000  0.000  0.000  0.000  0.000  0.000  0.000  0.000  0.000  0.000  0.000
 1040.01  1.466  0.000  0.000  0.000  0.000  0.000  0.000  0.000  0.000  0.000  0.000  0.000  0.000
 1041.01  0.940  0.000  0.000  0.000  0.000  0.000  0.000  0.000  0.000  0.000  0.000  0.000  0.000
 1042.01  1.164  0.000  0.000  0.000  0.000  0.000  0.000  0.000  0.000  0.000  0.000  0.000  0.000
 1043.01  0.582  0.000  0.000  0.000  0.000  0.000  0.000  0.000  0.000  0.000  0.000  0.000  0.000
 1044.01  0.278  0.000  0.000  0.000  0.000  0.000  0.000  0.000  0.000  0.000  0.000  0.000  0.000
 1045.01  1.019  0.000  0.000  0.000  0.000  0.000  0.000  0.000  0.000  0.000  0.000  0.000  0.000
 1046.01  1.760  0.000  0.000  0.000  0.000  0.000  0.000  0.000  0.000  0.000  0.000  0.000  0.000
 1047.01  2.501  0.000  0.000  0.000  0.000  0.000  0.000  0.000  0.000  0.000  0.000  0.000  0.000
 1048.01  1.548  0.000  0.000  0.000  0.000  0.000  0.000  0.000  0.000  0.000  0.000  0.000  0.000
 1049.01  2.182  0.000  0.000  0.000  0.000  0.000  0.000  0.000  0.000  0.000  0.000  0.000  0.000
 1050.01  0.722  0.000  0.000  0.000  0.000  0.000  0.000  0.000  0.000  0.000  0.000  0.000  0.000
